Oscilloscope data. 
Time step = 12,50 uS
Voltage step = 31,25 mV
Zero level = 63

N 	Smpl.	Trig

0	63	0
1	63	0
2	63	0
3	63	0
4	63	0
5	63	0
6	63	0
7	63	0
8	63	0
9	63	0
10	63	0
11	63	0
12	63	0
13	63	0
14	62	0
15	63	0
16	63	0
17	63	0
18	63	0
19	63	0
20	63	0
21	63	0
22	63	0
23	64	0
24	63	0
25	63	0
26	63	0
27	63	0
28	63	0
29	63	0
30	63	0
31	63	0
32	63	0
33	63	0
34	63	0
35	63	0
36	63	0
37	63	0
38	63	0
39	63	0
40	63	0
41	63	0
42	63	0
43	63	0
44	63	0
45	63	0
46	63	0
47	63	0
48	63	0
49	63	0
50	63	0
51	63	0
52	63	0
53	63	0
54	63	0
55	64	0
56	63	0
57	64	0
58	63	0
59	63	0
60	63	0
61	63	0
62	63	0
63	63	0
64	63	0
65	63	0
66	63	0
67	63	0
68	63	0
69	63	0
70	63	0
71	63	0
72	63	0
73	63	0
74	63	0
75	63	0
76	63	0
77	63	0
78	63	0
79	63	0
80	63	0
81	63	0
82	63	0
83	63	0
84	63	0
85	63	0
86	63	0
87	63	0
88	63	0
89	63	0
90	63	0
91	63	0
92	63	0
93	63	0
94	63	0
95	63	0
96	63	0
97	63	0
98	63	0
99	62	0
100	63	0
101	63	0
102	63	0
103	64	0
104	63	0
105	63	0
106	63	0
107	63	0
108	63	0
109	63	0
110	63	0
111	63	0
112	63	0
113	63	0
114	63	0
115	63	0
116	63	0
117	63	0
118	63	0
119	63	0
120	63	0
121	63	0
122	63	0
123	63	0
124	63	0
125	63	0
126	63	0
127	63	0
128	63	0
129	63	0
130	63	0
131	63	0
132	64	0
133	63	0
134	63	0
135	63	0
136	64	0
137	63	0
138	63	0
139	63	0
140	63	0
141	63	0
142	65	0
143	63	0
144	63	0
145	63	0
146	63	0
147	63	0
148	63	0
149	63	0
150	63	0
151	63	0
152	63	0
153	63	0
154	64	0
155	63	0
156	64	0
157	63	0
158	63	0
159	63	0
160	63	0
161	191	1
162	191	1
163	191	1
164	191	1
165	191	1
166	191	1
167	191	1
168	191	1
169	191	1
170	191	1
171	191	1
172	191	1
173	191	1
174	191	1
175	191	1
176	191	1
177	191	1
178	191	1
179	191	1
180	191	1
181	191	1
182	191	1
183	191	1
184	191	1
185	191	1
186	191	1
187	191	1
188	191	1
189	191	1
190	191	1
191	191	1
192	191	1
193	191	1
194	191	1
195	191	1
196	191	1
197	191	1
198	191	1
199	191	1
200	191	1
201	191	1
202	191	1
203	191	1
204	191	1
205	191	1
206	191	1
207	191	1
208	191	1
209	191	1
210	191	1
211	191	1
212	191	1
213	191	1
214	191	1
215	191	1
216	191	1
217	191	1
218	191	1
219	191	1
220	191	1
221	191	1
222	191	1
223	191	1
224	191	1
225	191	1
226	191	1
227	191	1
228	191	1
229	191	1
230	191	1
231	191	1
232	191	1
233	191	1
234	191	1
235	191	1
236	191	1
237	191	1
238	191	1
239	191	1
240	191	1
241	63	0
242	63	0
243	63	0
244	63	0
245	63	0
246	63	0
247	63	0
248	63	0
249	63	0
250	63	0
251	64	0
252	63	0
253	63	0
254	63	0
255	63	0
256	63	0
257	63	0
258	63	0
259	63	0
260	63	0
261	63	0
262	63	0
263	63	0
264	63	0
265	63	0
266	63	0
267	63	0
268	63	0
269	63	0
270	63	0
271	63	0
272	63	0
273	64	0
274	63	0
275	63	0
276	63	0
277	63	0
278	63	0
279	63	0
280	63	0
281	63	0
282	63	0
283	63	0
284	63	0
285	63	0
286	63	0
287	63	0
288	63	0
289	63	0
290	63	0
291	63	0
292	63	0
293	63	0
294	63	0
295	63	0
296	63	0
297	63	0
298	63	0
299	63	0
300	63	0
301	63	0
302	64	0
303	63	0
304	63	0
305	63	0
306	65	0
307	63	0
308	63	0
309	64	0
310	63	0
311	63	0
312	63	0
313	63	0
314	63	0
315	63	0
316	63	0
317	63	0
318	63	0
319	63	0
320	63	0
321	63	0
322	63	0
323	63	0
324	63	0
325	63	0
326	63	0
327	63	0
328	63	0
329	63	0
330	63	0
331	63	0
332	63	0
333	63	0
334	63	0
335	63	0
336	63	0
337	64	0
338	63	0
339	63	0
340	64	0
341	63	0
342	63	0
343	63	0
344	63	0
345	63	0
346	63	0
347	63	0
348	64	0
349	63	0
350	64	0
351	63	0
352	63	0
353	63	0
354	63	0
355	63	0
356	63	0
357	63	0
358	63	0
359	63	0
360	63	0
361	63	0
362	63	0
363	63	0
364	63	0
365	63	0
366	63	0
367	63	0
368	63	0
369	63	0
370	63	0
371	63	0
372	63	0
373	63	0
374	63	0
375	63	0
376	63	0
377	63	0
378	63	0
379	63	0
380	63	0
381	63	0
382	63	0
383	63	0
384	64	0
385	63	0
386	63	0
387	63	0
388	63	0
389	63	0
390	63	0
391	63	0
392	63	0
393	63	0
394	63	0
395	63	0
396	63	0
397	63	0
398	63	0
399	63	0
400	63	0
401	63	0
402	65	0
403	63	0
404	65	0
405	63	0
406	63	0
407	63	0
408	63	0
409	65	0
410	63	0
411	63	0
412	63	0
413	63	0
414	63	0
415	63	0
416	64	0
417	63	0
418	63	0
419	63	0
420	63	0
421	63	0
422	63	0
423	63	0
424	63	0
425	63	0
426	63	0
427	63	0
428	63	0
429	63	0
430	63	0
431	63	0
432	63	0
433	63	0
434	63	0
435	63	0
436	63	0
437	63	0
438	63	0
439	64	0
440	63	0
441	63	0
442	63	0
443	63	0
444	63	0
445	63	0
446	64	0
447	63	0
448	63	0
449	63	0
450	63	0
451	63	0
452	63	0
453	63	0
454	63	0
455	63	0
456	63	0
457	63	0
458	63	0
459	63	0
460	65	0
461	63	0
462	63	0
463	63	0
464	63	0
465	63	0
466	63	0
467	63	0
468	63	0
469	63	0
470	63	0
471	63	0
472	63	0
473	63	0
474	63	0
475	63	0
476	63	0
477	63	0
478	63	0
479	63	0
480	63	0
481	63	0
482	63	0
483	63	0
484	63	0
485	63	0
486	63	0
487	63	0
488	63	0
489	63	0
490	63	0
491	64	0
492	63	0
493	63	0
494	64	0
495	63	0
496	63	0
497	63	0
498	63	0
499	63	0
500	63	0
501	63	0
502	63	0
503	63	0
504	63	0
505	65	0
506	63	0
507	63	0
508	63	0
509	63	0
510	63	0
511	63	0
512	63	0
513	63	0
514	63	0
515	63	0
516	63	0
517	63	0
518	64	0
519	63	0
520	63	0
521	63	0
522	63	0
523	63	0
524	63	0
525	63	0
526	63	0
527	64	0
528	65	0
529	63	0
530	63	0
531	63	0
532	63	0
533	63	0
534	63	0
535	63	0
536	63	0
537	63	0
538	63	0
539	63	0
540	63	0
541	64	0
542	63	0
543	63	0
544	63	0
545	63	0
546	63	0
547	63	0
548	63	0
549	63	0
550	63	0
551	63	0
552	64	0
553	63	0
554	65	0
555	63	0
556	63	0
557	64	0
558	63	0
559	63	0
560	63	0
561	63	0
562	63	0
563	63	0
564	63	0
565	63	0
566	63	0
567	63	0
568	63	0
569	63	0
570	63	0
571	63	0
572	63	0
573	63	0
574	63	0
575	63	0
576	63	0
577	63	0
578	63	0
579	63	0
580	63	0
581	63	0
582	63	0
583	63	0
584	63	0
585	63	0
586	63	0
587	65	0
588	63	0
589	63	0
590	63	0
591	63	0
592	63	0
593	63	0
594	63	0
595	63	0
596	63	0
597	63	0
598	63	0
599	63	0
600	63	0
601	63	0
602	63	0
603	64	0
604	63	0
605	63	0
606	63	0
607	63	0
608	63	0
609	63	0
610	63	0
611	63	0
612	63	0
613	63	0
614	63	0
615	63	0
616	63	0
617	63	0
618	63	0
619	63	0
620	63	0
621	63	0
622	63	0
623	63	0
624	63	0
625	63	0
626	63	0
627	63	0
628	63	0
629	63	0
630	63	0
631	63	0
632	63	0
633	64	0
634	63	0
635	63	0
636	63	0
637	63	0
638	63	0
639	64	0
640	63	0
641	63	0
642	63	0
643	63	0
644	63	0
645	63	0
646	64	0
647	63	0
648	63	0
649	63	0
650	63	0
651	63	0
652	63	0
653	63	0
654	63	0
655	63	0
656	63	0
657	63	0
658	65	0
659	63	0
660	63	0
661	63	0
662	63	0
663	63	0
664	63	0
665	63	0
666	64	0
667	64	0
668	63	0
669	63	0
670	63	0
671	63	0
672	63	0
673	62	0
674	64	0
675	63	0
676	63	0
677	63	0
678	63	0
679	64	0
680	63	0
681	63	0
682	63	0
683	63	0
684	63	0
685	63	0
686	63	0
687	63	0
688	63	0
689	63	0
690	63	0
691	63	0
692	62	0
693	63	0
694	63	0
695	63	0
696	63	0
697	63	0
698	63	0
699	63	0
700	63	0
701	63	0
702	63	0
703	63	0
704	63	0
705	63	0
706	63	0
707	63	0
708	63	0
709	63	0
710	63	0
711	62	0
712	63	0
713	63	0
714	64	0
715	63	0
716	63	0
717	63	0
718	63	0
719	63	0
720	63	0
721	63	0
722	63	0
723	63	0
724	63	0
725	63	0
726	65	0
727	63	0
728	64	0
729	63	0
730	63	0
731	63	0
732	63	0
733	63	0
734	63	0
735	63	0
736	63	0
737	63	0
738	63	0
739	63	0
740	63	0
741	63	0
742	65	0
743	63	0
744	63	0
745	63	0
746	63	0
747	63	0
748	63	0
749	63	0
750	63	0
751	63	0
752	63	0
753	63	0
754	63	0
755	63	0
756	63	0
757	63	0
758	63	0
759	63	0
760	63	0
761	63	0
762	63	0
763	63	0
764	63	0
765	63	0
766	63	0
767	63	0
768	63	0
769	63	0
770	65	0
771	63	0
772	63	0
773	63	0
774	63	0
775	63	0
776	63	0
777	64	0
778	63	0
779	63	0
780	63	0
781	63	0
782	63	0
783	63	0
784	63	0
785	63	0
786	63	0
787	64	0
788	63	0
789	63	0
790	63	0
791	63	0
792	63	0
793	63	0
794	63	0
795	63	0
796	63	0
797	63	0
798	63	0
799	63	0
800	63	0
801	191	1
802	191	1
803	191	1
804	191	1
805	191	1
806	191	1
807	191	1
808	191	1
809	191	1
810	191	1
811	191	1
812	191	1
813	191	1
814	191	1
815	191	1
816	191	1
817	191	1
818	191	1
819	191	1
820	191	1
821	191	1
822	191	1
823	191	1
824	191	1
825	191	1
826	191	1
827	191	1
828	191	1
829	191	1
830	191	1
831	191	1
832	191	1
833	191	1
834	191	1
835	191	1
836	191	1
837	191	1
838	191	1
839	191	1
840	191	1
841	191	1
842	191	1
843	191	1
844	191	1
845	191	1
846	191	1
847	191	1
848	191	1
849	191	1
850	191	1
851	191	1
852	191	1
853	191	1
854	191	1
855	191	1
856	191	1
857	191	1
858	191	1
859	191	1
860	191	1
861	191	1
862	191	1
863	191	1
864	191	1
865	191	1
866	191	1
867	191	1
868	191	1
869	191	1
870	191	1
871	191	1
872	191	1
873	191	1
874	191	1
875	191	1
876	191	1
877	191	1
878	191	1
879	191	1
880	191	1
881	63	0
882	63	0
883	63	0
884	63	0
885	63	0
886	64	0
887	62	0
888	63	0
889	63	0
890	63	0
891	63	0
892	63	0
893	63	0
894	63	0
895	63	0
896	63	0
897	63	0
898	63	0
899	63	0
900	64	0
901	63	0
902	64	0
903	63	0
904	63	0
905	63	0
906	63	0
907	63	0
908	64	0
909	63	0
910	63	0
911	63	0
912	63	0
913	64	0
914	63	0
915	63	0
916	63	0
917	63	0
918	63	0
919	63	0
920	63	0
921	63	0
922	63	0
923	63	0
924	63	0
925	63	0
926	63	0
927	63	0
928	63	0
929	63	0
930	63	0
931	63	0
932	63	0
933	63	0
934	63	0
935	63	0
936	63	0
937	63	0
938	63	0
939	62	0
940	63	0
941	63	0
942	63	0
943	63	0
944	63	0
945	63	0
946	63	0
947	65	0
948	63	0
949	63	0
950	63	0
951	63	0
952	65	0
953	63	0
954	63	0
955	63	0
956	63	0
957	63	0
958	63	0
959	63	0
960	63	0
961	63	0
962	63	0
963	63	0
964	63	0
965	63	0
966	63	0
967	63	0
968	63	0
969	63	0
970	63	0
971	63	0
972	63	0
973	63	0
974	63	0
975	63	0
976	63	0
977	63	0
978	63	0
979	63	0
980	63	0
981	63	0
982	63	0
983	63	0
984	63	0
985	63	0
986	63	0
987	65	0
988	63	0
989	63	0
990	63	0
991	63	0
992	63	0
993	63	0
994	63	0
995	63	0
996	63	0
997	63	0
998	63	0
999	63	0
1000	63	0
1001	63	0
1002	63	0
1003	63	0
1004	63	0
1005	63	0
1006	63	0
1007	63	0
1008	63	0
1009	63	0
1010	63	0
1011	63	0
1012	63	0
1013	63	0
1014	63	0
1015	63	0
1016	63	0
1017	63	0
1018	63	0
1019	63	0
1020	63	0
1021	63	0
1022	63	0
1023	63	0
1024	63	0
1025	63	0
1026	63	0
1027	63	0
1028	63	0
1029	63	0
1030	63	0
1031	63	0
1032	64	0
1033	63	0
1034	63	0
1035	63	0
1036	63	0
1037	63	0
1038	63	0
1039	63	0
1040	63	0
1041	63	0
1042	63	0
1043	63	0
1044	63	0
1045	63	0
1046	63	0
1047	63	0
1048	63	0
1049	63	0
1050	63	0
1051	63	0
1052	63	0
1053	63	0
1054	63	0
1055	63	0
1056	63	0
1057	63	0
1058	63	0
1059	63	0
1060	63	0
1061	63	0
1062	63	0
1063	63	0
1064	62	0
1065	64	0
1066	63	0
1067	63	0
1068	63	0
1069	63	0
1070	63	0
1071	63	0
1072	63	0
1073	63	0
1074	63	0
1075	63	0
1076	63	0
1077	63	0
1078	63	0
1079	63	0
1080	63	0
1081	63	0
1082	63	0
1083	63	0
1084	63	0
1085	63	0
1086	63	0
1087	63	0
1088	63	0
1089	63	0
1090	63	0
1091	63	0
1092	63	0
1093	63	0
1094	63	0
1095	63	0
1096	63	0
1097	63	0
1098	63	0
1099	62	0
1100	64	0
1101	63	0
1102	63	0
1103	63	0
1104	63	0
1105	63	0
1106	63	0
1107	63	0
1108	63	0
1109	63	0
1110	63	0
1111	63	0
1112	63	0
1113	63	0
1114	64	0
1115	63	0
1116	63	0
1117	63	0
1118	63	0
1119	63	0
1120	63	0
1121	63	0
1122	63	0
1123	63	0
1124	63	0
1125	63	0
1126	63	0
1127	63	0
1128	65	0
1129	63	0
1130	63	0
1131	63	0
1132	63	0
1133	63	0
1134	63	0
1135	63	0
1136	63	0
1137	65	0
1138	63	0
1139	63	0
1140	63	0
1141	63	0
1142	63	0
1143	63	0
1144	63	0
1145	63	0
1146	63	0
1147	63	0
1148	63	0
1149	63	0
1150	63	0
1151	63	0
1152	63	0
1153	63	0
1154	63	0
1155	63	0
1156	63	0
1157	63	0
1158	63	0
1159	63	0
1160	63	0
1161	63	0
1162	64	0
1163	63	0
1164	63	0
1165	63	0
1166	63	0
1167	63	0
1168	63	0
1169	63	0
1170	63	0
1171	63	0
1172	63	0
1173	63	0
1174	65	0
1175	64	0
1176	63	0
1177	63	0
1178	63	0
1179	63	0
1180	63	0
1181	63	0
1182	63	0
1183	63	0
1184	64	0
1185	63	0
1186	63	0
1187	63	0
1188	63	0
1189	63	0
1190	64	0
1191	63	0
1192	63	0
1193	63	0
1194	63	0
1195	63	0
1196	63	0
1197	63	0
1198	63	0
1199	63	0
1200	63	0
1201	63	0
1202	64	0
1203	63	0
1204	64	0
1205	63	0
1206	63	0
1207	63	0
1208	63	0
1209	63	0
1210	63	0
1211	65	0
1212	63	0
1213	64	0
1214	63	0
1215	63	0
1216	63	0
1217	63	0
1218	63	0
1219	63	0
1220	63	0
1221	63	0
1222	63	0
1223	63	0
1224	63	0
1225	63	0
1226	63	0
1227	63	0
1228	63	0
1229	63	0
1230	63	0
1231	63	0
1232	64	0
1233	63	0
1234	63	0
1235	63	0
1236	63	0
1237	63	0
1238	63	0
1239	63	0
1240	63	0
1241	63	0
1242	63	0
1243	62	0
1244	63	0
1245	63	0
1246	63	0
1247	63	0
1248	63	0
1249	64	0
1250	64	0
1251	63	0
1252	63	0
1253	63	0
1254	63	0
1255	63	0
1256	65	0
1257	63	0
1258	63	0
1259	63	0
1260	63	0
1261	63	0
1262	63	0
1263	63	0
1264	64	0
1265	63	0
1266	63	0
1267	63	0
1268	63	0
1269	63	0
1270	63	0
1271	63	0
1272	63	0
1273	63	0
1274	63	0
1275	64	0
1276	64	0
1277	64	0
1278	63	0
1279	63	0
1280	63	0
1281	63	0
1282	63	0
1283	63	0
1284	62	0
1285	63	0
1286	63	0
1287	63	0
1288	63	0
1289	64	0
1290	63	0
1291	63	0
1292	63	0
1293	63	0
1294	63	0
1295	63	0
1296	63	0
1297	64	0
1298	63	0
1299	63	0
1300	63	0
1301	63	0
1302	63	0
1303	63	0
1304	63	0
1305	64	0
1306	64	0
1307	63	0
1308	64	0
1309	63	0
1310	63	0
1311	64	0
1312	63	0
1313	63	0
1314	63	0
1315	63	0
1316	63	0
1317	63	0
1318	63	0
1319	63	0
1320	63	0
1321	63	0
1322	63	0
1323	63	0
1324	63	0
1325	63	0
1326	63	0
1327	63	0
1328	63	0
1329	65	0
1330	63	0
1331	63	0
1332	63	0
1333	65	0
1334	63	0
1335	63	0
1336	63	0
1337	63	0
1338	63	0
1339	63	0
1340	63	0
1341	63	0
1342	63	0
1343	63	0
1344	63	0
1345	63	0
1346	63	0
1347	63	0
1348	63	0
1349	63	0
1350	63	0
1351	63	0
1352	63	0
1353	63	0
1354	63	0
1355	63	0
1356	65	0
1357	63	0
1358	63	0
1359	63	0
1360	63	0
1361	62	0
1362	64	0
1363	63	0
1364	63	0
1365	63	0
1366	63	0
1367	63	0
1368	63	0
1369	63	0
1370	63	0
1371	63	0
1372	63	0
1373	63	0
1374	63	0
1375	63	0
1376	63	0
1377	64	0
1378	63	0
1379	63	0
1380	64	0
1381	63	0
1382	63	0
1383	63	0
1384	65	0
1385	63	0
1386	63	0
1387	63	0
1388	65	0
1389	64	0
1390	63	0
1391	63	0
1392	63	0
1393	63	0
1394	63	0
1395	63	0
1396	63	0
1397	63	0
1398	64	0
1399	64	0
1400	63	0
1401	64	0
1402	64	0
1403	63	0
1404	63	0
1405	63	0
1406	63	0
1407	63	0
1408	63	0
1409	63	0
1410	63	0
1411	63	0
1412	63	0
1413	63	0
1414	63	0
1415	63	0
1416	63	0
1417	63	0
1418	63	0
1419	63	0
1420	63	0
1421	63	0
1422	63	0
1423	63	0
1424	63	0
1425	63	0
1426	63	0
1427	63	0
1428	63	0
1429	63	0
1430	63	0
1431	63	0
1432	63	0
1433	63	0
1434	63	0
1435	63	0
1436	63	0
1437	63	0
1438	63	0
1439	63	0
1440	63	0
1441	191	1
1442	191	1
1443	191	1
1444	191	1
1445	191	1
1446	191	1
1447	191	1
1448	191	1
1449	191	1
1450	191	1
1451	191	1
1452	191	1
1453	191	1
1454	191	1
1455	191	1
1456	191	1
1457	191	1
1458	191	1
1459	191	1
1460	191	1
1461	191	1
1462	191	1
1463	191	1
1464	191	1
1465	191	1
1466	191	1
1467	191	1
1468	191	1
1469	191	1
1470	191	1
1471	191	1
1472	191	1
1473	191	1
1474	191	1
1475	191	1
1476	191	1
1477	191	1
1478	191	1
1479	191	1
1480	191	1
1481	191	1
1482	191	1
1483	191	1
1484	191	1
1485	191	1
1486	191	1
1487	191	1
1488	191	1
1489	191	1
1490	191	1
1491	191	1
1492	191	1
1493	191	1
1494	191	1
1495	191	1
1496	191	1
1497	191	1
1498	191	1
1499	191	1
1500	191	1
1501	191	1
1502	191	1
1503	191	1
1504	191	1
1505	191	1
1506	191	1
1507	191	1
1508	191	1
1509	191	1
1510	191	1
1511	191	1
1512	191	1
1513	191	1
1514	191	1
1515	191	1
1516	191	1
1517	191	1
1518	191	1
1519	191	1
1520	191	1
1521	63	0
1522	65	0
1523	63	0
1524	63	0
1525	63	0
1526	63	0
1527	63	0
1528	63	0
1529	63	0
1530	63	0
1531	63	0
1532	63	0
1533	63	0
1534	63	0
1535	63	0
1536	63	0
1537	63	0
1538	63	0
1539	63	0
1540	63	0
1541	63	0
1542	63	0
1543	63	0
1544	63	0
1545	63	0
1546	63	0
1547	63	0
1548	63	0
1549	63	0
1550	63	0
1551	63	0
1552	63	0
1553	63	0
1554	63	0
1555	63	0
1556	63	0
1557	63	0
1558	63	0
1559	63	0
1560	63	0
1561	63	0
1562	63	0
1563	63	0
1564	63	0
1565	63	0
1566	63	0
1567	63	0
1568	63	0
1569	63	0
1570	63	0
1571	65	0
1572	63	0
1573	63	0
1574	64	0
1575	63	0
1576	63	0
1577	63	0
1578	64	0
1579	63	0
1580	63	0
1581	63	0
1582	63	0
1583	63	0
1584	63	0
1585	63	0
1586	63	0
1587	63	0
1588	63	0
1589	63	0
1590	64	0
1591	63	0
1592	63	0
1593	63	0
1594	63	0
1595	63	0
1596	63	0
1597	63	0
1598	65	0
1599	63	0
1600	63	0
1601	63	0
1602	63	0
1603	63	0
1604	63	0
1605	63	0
1606	63	0
1607	63	0
1608	63	0
1609	63	0
1610	63	0
1611	63	0
1612	64	0
1613	63	0
1614	63	0
1615	63	0
1616	63	0
1617	63	0
1618	63	0
1619	63	0
1620	63	0
1621	63	0
1622	63	0
1623	63	0
1624	63	0
1625	63	0
1626	65	0
1627	63	0
1628	63	0
1629	63	0
1630	63	0
1631	64	0
1632	63	0
1633	63	0
1634	63	0
1635	63	0
1636	63	0
1637	63	0
1638	63	0
1639	63	0
1640	63	0
1641	63	0
1642	63	0
1643	63	0
1644	63	0
1645	65	0
1646	63	0
1647	63	0
1648	63	0
1649	63	0
1650	63	0
1651	63	0
1652	63	0
1653	63	0
1654	63	0
1655	63	0
1656	63	0
1657	63	0
1658	63	0
1659	64	0
1660	64	0
1661	63	0
1662	63	0
1663	63	0
1664	63	0
1665	63	0
1666	63	0
1667	63	0
1668	63	0
1669	63	0
1670	63	0
1671	63	0
1672	63	0
1673	64	0
1674	64	0
1675	63	0
1676	63	0
1677	64	0
1678	63	0
1679	63	0
1680	63	0
1681	63	0
1682	63	0
1683	63	0
1684	63	0
1685	64	0
1686	63	0
1687	63	0
1688	63	0
1689	63	0
1690	63	0
1691	64	0
1692	63	0
1693	64	0
1694	63	0
1695	63	0
1696	63	0
1697	63	0
1698	63	0
1699	63	0
1700	63	0
1701	63	0
1702	63	0
1703	63	0
1704	63	0
1705	63	0
1706	63	0
1707	63	0
1708	63	0
1709	63	0
1710	63	0
1711	63	0
1712	63	0
1713	63	0
1714	63	0
1715	63	0
1716	63	0
1717	63	0
1718	63	0
1719	63	0
1720	63	0
1721	63	0
1722	63	0
1723	63	0
1724	63	0
1725	63	0
1726	63	0
1727	63	0
1728	63	0
1729	63	0
1730	63	0
1731	63	0
1732	63	0
1733	63	0
1734	65	0
1735	63	0
1736	63	0
1737	63	0
1738	63	0
1739	63	0
1740	65	0
1741	63	0
1742	63	0
1743	63	0
1744	63	0
1745	63	0
1746	63	0
1747	63	0
1748	63	0
1749	63	0
1750	63	0
1751	63	0
1752	63	0
1753	63	0
1754	63	0
1755	63	0
1756	63	0
1757	64	0
1758	64	0
1759	63	0
1760	63	0
1761	63	0
1762	63	0
1763	63	0
1764	63	0
1765	63	0
1766	63	0
1767	63	0
1768	63	0
1769	65	0
1770	63	0
1771	63	0
1772	63	0
1773	63	0
1774	63	0
1775	64	0
1776	63	0
1777	63	0
1778	63	0
1779	63	0
1780	63	0
1781	63	0
1782	63	0
1783	63	0
1784	63	0
1785	64	0
1786	63	0
1787	63	0
1788	63	0
1789	63	0
1790	63	0
1791	63	0
1792	63	0
1793	63	0
1794	63	0
1795	63	0
1796	63	0
1797	63	0
1798	63	0
1799	64	0
1800	63	0
1801	63	0
1802	63	0
1803	63	0
1804	63	0
1805	63	0
1806	63	0
1807	63	0
1808	63	0
1809	64	0
1810	63	0
1811	63	0
1812	63	0
1813	63	0
1814	64	0
1815	63	0
1816	63	0
1817	63	0
1818	63	0
1819	63	0
1820	63	0
1821	63	0
1822	63	0
1823	63	0
1824	63	0
1825	63	0
1826	63	0
1827	63	0
1828	63	0
1829	63	0
1830	63	0
1831	63	0
1832	63	0
1833	63	0
1834	64	0
1835	63	0
1836	64	0
1837	63	0
1838	63	0
1839	63	0
1840	63	0
1841	63	0
1842	63	0
1843	63	0
1844	63	0
1845	63	0
1846	63	0
1847	63	0
1848	63	0
1849	63	0
1850	63	0
1851	63	0
1852	63	0
1853	63	0
1854	63	0
1855	63	0
1856	63	0
1857	63	0
1858	63	0
1859	63	0
1860	63	0
1861	63	0
1862	63	0
1863	63	0
1864	63	0
1865	63	0
1866	63	0
1867	63	0
1868	63	0
1869	63	0
1870	63	0
1871	63	0
1872	63	0
1873	63	0
1874	65	0
1875	63	0
1876	64	0
1877	63	0
1878	63	0
1879	63	0
1880	63	0
1881	63	0
1882	63	0
1883	63	0
1884	63	0
1885	63	0
1886	63	0
1887	63	0
1888	63	0
1889	63	0
1890	63	0
1891	63	0
1892	63	0
1893	63	0
1894	63	0
1895	63	0
1896	63	0
1897	63	0
1898	62	0
1899	63	0
1900	63	0
1901	63	0
1902	63	0
1903	63	0
1904	63	0
1905	63	0
1906	65	0
1907	63	0
1908	64	0
1909	63	0
1910	63	0
1911	63	0
1912	63	0
1913	63	0
1914	63	0
1915	63	0
1916	63	0
1917	63	0
1918	63	0
1919	63	0
1920	63	0
1921	63	0
1922	63	0
1923	63	0
1924	63	0
1925	63	0
1926	63	0
1927	63	0
1928	63	0
1929	63	0
1930	63	0
1931	63	0
1932	63	0
1933	63	0
1934	63	0
1935	63	0
1936	63	0
1937	63	0
1938	63	0
1939	63	0
1940	63	0
1941	63	0
1942	63	0
1943	63	0
1944	63	0
1945	63	0
1946	63	0
1947	63	0
1948	63	0
1949	63	0
1950	63	0
1951	63	0
1952	63	0
1953	63	0
1954	63	0
1955	64	0
1956	64	0
1957	63	0
1958	63	0
1959	63	0
1960	63	0
1961	63	0
1962	63	0
1963	63	0
1964	63	0
1965	64	0
1966	63	0
1967	63	0
1968	63	0
1969	63	0
1970	63	0
1971	63	0
1972	63	0
1973	63	0
1974	63	0
1975	63	0
1976	63	0
1977	63	0
1978	63	0
1979	63	0
1980	63	0
1981	63	0
1982	64	0
1983	63	0
1984	63	0
1985	63	0
1986	63	0
1987	64	0
1988	63	0
1989	63	0
1990	63	0
1991	63	0
1992	63	0
1993	63	0
1994	63	0
1995	63	0
1996	63	0
1997	63	0
1998	64	0
1999	65	0
2000	63	0
2001	63	0
2002	63	0
2003	63	0
2004	63	0
2005	63	0
2006	63	0
2007	63	0
2008	63	0
2009	64	0
2010	63	0
2011	63	0
2012	63	0
2013	63	0
2014	62	0
2015	64	0
2016	64	0
2017	63	0
2018	63	0
2019	63	0
2020	63	0
2021	63	0
2022	63	0
2023	63	0
2024	63	0
2025	63	0
2026	63	0
2027	63	0
2028	63	0
2029	63	0
2030	63	0
2031	63	0
2032	63	0
2033	63	0
2034	63	0
2035	63	0
2036	63	0
2037	63	0
2038	63	0
2039	63	0
2040	63	0
2041	63	0
2042	63	0
2043	63	0
2044	63	0
2045	63	0
2046	63	0
2047	63	0
2048	63	0
2049	63	0
2050	63	0
2051	63	0
2052	65	0
2053	64	0
2054	63	0
2055	63	0
2056	63	0
2057	64	0
2058	63	0
2059	63	0
2060	63	0
2061	63	0
2062	63	0
2063	64	0
2064	63	0
2065	65	0
2066	65	0
2067	65	0
2068	63	0
2069	63	0
2070	63	0
2071	63	0
2072	63	0
2073	63	0
2074	63	0
2075	63	0
2076	63	0
2077	63	0
2078	63	0
2079	63	0
2080	64	0
2081	191	1
2082	191	1
2083	191	1
2084	191	1
2085	191	1
2086	191	1
2087	191	1
2088	191	1
2089	191	1
2090	191	1
2091	191	1
2092	191	1
2093	191	1
2094	191	1
2095	191	1
2096	191	1
2097	191	1
2098	191	1
2099	191	1
2100	191	1
2101	191	1
2102	191	1
2103	191	1
2104	191	1
2105	191	1
2106	191	1
2107	191	1
2108	191	1
2109	191	1
2110	191	1
2111	191	1
2112	191	1
2113	191	1
2114	191	1
2115	191	1
2116	191	1
2117	191	1
2118	191	1
2119	191	1
2120	191	1
2121	191	1
2122	191	1
2123	191	1
2124	191	1
2125	191	1
2126	191	1
2127	191	1
2128	191	1
2129	191	1
2130	191	1
2131	191	1
2132	191	1
2133	191	1
2134	191	1
2135	191	1
2136	191	1
2137	191	1
2138	191	1
2139	191	1
2140	191	1
2141	191	1
2142	191	1
2143	191	1
2144	191	1
2145	191	1
2146	191	1
2147	191	1
2148	191	1
2149	191	1
2150	191	1
2151	191	1
2152	191	1
2153	191	1
2154	191	1
2155	191	1
2156	191	1
2157	191	1
2158	191	1
2159	191	1
2160	191	1
2161	63	0
2162	63	0
2163	64	0
2164	63	0
2165	63	0
2166	63	0
2167	63	0
2168	63	0
2169	63	0
2170	63	0
2171	63	0
2172	63	0
2173	63	0
2174	65	0
2175	63	0
2176	65	0
2177	63	0
2178	63	0
2179	63	0
2180	63	0
2181	63	0
2182	63	0
2183	63	0
2184	63	0
2185	63	0
2186	63	0
2187	63	0
2188	63	0
2189	63	0
2190	63	0
2191	63	0
2192	63	0
2193	63	0
2194	63	0
2195	63	0
2196	64	0
2197	63	0
2198	63	0
2199	63	0
2200	63	0
2201	63	0
2202	63	0
2203	63	0
2204	63	0
2205	63	0
2206	63	0
2207	63	0
2208	63	0
2209	63	0
2210	63	0
2211	63	0
2212	63	0
2213	63	0
2214	63	0
2215	63	0
2216	64	0
2217	63	0
2218	64	0
2219	63	0
2220	63	0
2221	63	0
2222	63	0
2223	63	0
2224	63	0
2225	63	0
2226	63	0
2227	63	0
2228	63	0
2229	63	0
2230	63	0
2231	63	0
2232	63	0
2233	63	0
2234	63	0
2235	63	0
2236	63	0
2237	63	0
2238	63	0
2239	63	0
2240	63	0
2241	63	0
2242	63	0
2243	64	0
2244	63	0
2245	63	0
2246	63	0
2247	63	0
2248	63	0
2249	63	0
2250	63	0
2251	63	0
2252	63	0
2253	63	0
2254	63	0
2255	63	0
2256	63	0
2257	63	0
2258	63	0
2259	63	0
2260	63	0
2261	63	0
2262	63	0
2263	63	0
2264	63	0
2265	63	0
2266	63	0
2267	63	0
2268	63	0
2269	63	0
2270	63	0
2271	63	0
2272	64	0
2273	63	0
2274	63	0
2275	64	0
2276	63	0
2277	63	0
2278	63	0
2279	63	0
2280	63	0
2281	63	0
2282	63	0
2283	63	0
2284	63	0
2285	64	0
2286	63	0
2287	63	0
2288	63	0
2289	63	0
2290	63	0
2291	63	0
2292	63	0
2293	63	0
2294	63	0
2295	63	0
2296	63	0
2297	63	0
2298	64	0
2299	65	0
2300	63	0
2301	63	0
2302	63	0
2303	63	0
2304	63	0
2305	63	0
2306	63	0
2307	64	0
2308	63	0
2309	63	0
2310	63	0
2311	63	0
2312	63	0
2313	63	0
2314	63	0
2315	63	0
2316	63	0
2317	63	0
2318	63	0
2319	63	0
2320	63	0
2321	64	0
2322	64	0
2323	63	0
2324	63	0
2325	63	0
2326	63	0
2327	63	0
2328	65	0
2329	63	0
2330	63	0
2331	63	0
2332	63	0
2333	63	0
2334	63	0
2335	63	0
2336	63	0
2337	63	0
2338	63	0
2339	63	0
2340	63	0
2341	63	0
2342	63	0
2343	63	0
2344	63	0
2345	63	0
2346	63	0
2347	63	0
2348	63	0
2349	63	0
2350	63	0
2351	63	0
2352	63	0
2353	63	0
2354	63	0
2355	63	0
2356	64	0
2357	63	0
2358	63	0
2359	63	0
2360	63	0
2361	63	0
2362	63	0
2363	63	0
2364	63	0
2365	63	0
2366	63	0
2367	63	0
2368	64	0
2369	63	0
2370	63	0
2371	63	0
2372	63	0
2373	63	0
2374	64	0
2375	64	0
2376	63	0
2377	63	0
2378	63	0
2379	63	0
2380	65	0
2381	63	0
2382	63	0
2383	63	0
2384	63	0
2385	64	0
2386	63	0
2387	63	0
2388	63	0
2389	63	0
2390	65	0
2391	62	0
2392	63	0
2393	63	0
2394	63	0
2395	63	0
2396	63	0
2397	64	0
2398	63	0
2399	63	0
2400	63	0
2401	63	0
2402	63	0
2403	63	0
2404	63	0
2405	63	0
2406	63	0
2407	64	0
2408	64	0
2409	63	0
2410	63	0
2411	63	0
2412	63	0
2413	64	0
2414	64	0
2415	63	0
2416	63	0
2417	63	0
2418	63	0
2419	63	0
2420	63	0
2421	62	0
2422	63	0
2423	63	0
2424	63	0
2425	63	0
2426	63	0
2427	63	0
2428	63	0
2429	63	0
2430	63	0
2431	65	0
2432	63	0
2433	63	0
2434	63	0
2435	63	0
2436	63	0
2437	63	0
2438	64	0
2439	63	0
2440	63	0
2441	63	0
2442	63	0
2443	63	0
2444	63	0
2445	63	0
2446	63	0
2447	65	0
2448	63	0
2449	64	0
2450	63	0
2451	63	0
2452	63	0
2453	63	0
2454	63	0
2455	63	0
2456	63	0
2457	63	0
2458	63	0
2459	63	0
2460	63	0
2461	63	0
2462	63	0
2463	63	0
2464	64	0
2465	63	0
2466	63	0
2467	63	0
2468	63	0
2469	63	0
2470	63	0
2471	63	0
2472	63	0
2473	63	0
2474	63	0
2475	63	0
2476	63	0
2477	63	0
2478	63	0
2479	63	0
2480	63	0
2481	63	0
2482	63	0
2483	63	0
2484	63	0
2485	64	0
2486	63	0
2487	63	0
2488	63	0
2489	64	0
2490	63	0
2491	63	0
2492	63	0
2493	63	0
2494	63	0
2495	65	0
2496	63	0
2497	63	0
2498	63	0
2499	63	0
2500	63	0
2501	63	0
2502	63	0
2503	63	0
2504	63	0
2505	63	0
2506	63	0
2507	63	0
2508	63	0
2509	63	0
2510	63	0
2511	63	0
2512	63	0
2513	63	0
2514	62	0
2515	65	0
2516	63	0
2517	63	0
2518	63	0
2519	63	0
2520	63	0
2521	63	0
2522	63	0
2523	63	0
2524	63	0
2525	63	0
2526	63	0
2527	64	0
2528	63	0
2529	63	0
2530	63	0
2531	63	0
2532	63	0
2533	62	0
2534	63	0
2535	63	0
2536	63	0
2537	63	0
2538	63	0
2539	63	0
2540	63	0
2541	63	0
2542	65	0
2543	63	0
2544	63	0
2545	63	0
2546	63	0
2547	63	0
2548	64	0
2549	63	0
2550	63	0
2551	65	0
2552	63	0
2553	63	0
2554	63	0
2555	63	0
2556	63	0
2557	63	0
2558	63	0
2559	63	0
2560	63	0
2561	63	0
2562	65	0
2563	63	0
2564	63	0
2565	63	0
2566	64	0
2567	63	0
2568	64	0
2569	63	0
2570	64	0
2571	63	0
2572	63	0
2573	63	0
2574	63	0
2575	63	0
2576	63	0
2577	63	0
2578	63	0
2579	63	0
2580	63	0
2581	63	0
2582	63	0
2583	63	0
2584	63	0
2585	63	0
2586	63	0
2587	63	0
2588	63	0
2589	63	0
2590	63	0
2591	63	0
2592	63	0
2593	63	0
2594	63	0
2595	63	0
2596	63	0
2597	63	0
2598	63	0
2599	63	0
2600	63	0
2601	63	0
2602	63	0
2603	63	0
2604	63	0
2605	63	0
2606	64	0
2607	65	0
2608	63	0
2609	63	0
2610	63	0
2611	63	0
2612	63	0
2613	63	0
2614	63	0
2615	63	0
2616	63	0
2617	63	0
2618	63	0
2619	63	0
2620	63	0
2621	63	0
2622	63	0
2623	63	0
2624	63	0
2625	63	0
2626	64	0
2627	63	0
2628	63	0
2629	63	0
2630	63	0
2631	63	0
2632	63	0
2633	63	0
2634	63	0
2635	63	0
2636	63	0
2637	63	0
2638	63	0
2639	64	0
2640	63	0
2641	62	0
2642	63	0
2643	63	0
2644	63	0
2645	63	0
2646	63	0
2647	63	0
2648	63	0
2649	63	0
2650	63	0
2651	63	0
2652	63	0
2653	63	0
2654	63	0
2655	64	0
2656	63	0
2657	63	0
2658	63	0
2659	63	0
2660	63	0
2661	63	0
2662	63	0
2663	63	0
2664	63	0
2665	63	0
2666	63	0
2667	63	0
2668	63	0
2669	63	0
2670	63	0
2671	63	0
2672	63	0
2673	63	0
2674	63	0
2675	63	0
2676	63	0
2677	64	0
2678	63	0
2679	64	0
2680	63	0
2681	63	0
2682	63	0
2683	63	0
2684	63	0
2685	63	0
2686	63	0
2687	63	0
2688	64	0
2689	63	0
2690	63	0
2691	63	0
2692	63	0
2693	63	0
2694	63	0
2695	63	0
2696	63	0
2697	63	0
2698	63	0
2699	63	0
2700	63	0
2701	63	0
2702	63	0
2703	63	0
2704	63	0
2705	63	0
2706	63	0
2707	63	0
2708	63	0
2709	64	0
2710	63	0
2711	63	0
2712	63	0
2713	63	0
2714	63	0
2715	63	0
2716	63	0
2717	63	0
2718	64	0
2719	64	0
2720	63	0
2721	191	1
2722	191	1
2723	191	1
2724	191	1
2725	191	1
2726	191	1
2727	191	1
2728	191	1
2729	191	1
2730	191	1
2731	191	1
2732	191	1
2733	191	1
2734	191	1
2735	191	1
2736	191	1
2737	191	1
2738	191	1
2739	191	1
2740	191	1
2741	191	1
2742	191	1
2743	191	1
2744	191	1
2745	191	1
2746	191	1
2747	191	1
2748	191	1
2749	191	1
2750	191	1
2751	191	1
2752	191	1
2753	191	1
2754	191	1
2755	191	1
2756	191	1
2757	191	1
2758	191	1
2759	191	1
2760	191	1
2761	191	1
2762	191	1
2763	191	1
2764	191	1
2765	191	1
2766	191	1
2767	191	1
2768	191	1
2769	191	1
2770	191	1
2771	191	1
2772	191	1
2773	191	1
2774	191	1
2775	191	1
2776	191	1
2777	191	1
2778	191	1
2779	191	1
2780	191	1
2781	191	1
2782	191	1
2783	191	1
2784	191	1
2785	191	1
2786	191	1
2787	191	1
2788	191	1
2789	191	1
2790	191	1
2791	191	1
2792	191	1
2793	191	1
2794	191	1
2795	191	1
2796	191	1
2797	191	1
2798	191	1
2799	191	1
2800	191	1
2801	63	0
2802	63	0
2803	63	0
2804	63	0
2805	63	0
2806	63	0
2807	63	0
2808	63	0
2809	63	0
2810	64	0
2811	63	0
2812	63	0
2813	63	0
2814	63	0
2815	63	0
2816	63	0
2817	63	0
2818	63	0
2819	63	0
2820	62	0
2821	63	0
2822	63	0
2823	63	0
2824	63	0
2825	64	0
2826	63	0
2827	63	0
2828	63	0
2829	63	0
2830	63	0
2831	63	0
2832	63	0
2833	63	0
2834	63	0
2835	63	0
2836	63	0
2837	63	0
2838	63	0
2839	63	0
2840	63	0
2841	63	0
2842	63	0
2843	63	0
2844	64	0
2845	63	0
2846	63	0
2847	63	0
2848	63	0
2849	63	0
2850	63	0
2851	63	0
2852	64	0
2853	63	0
2854	63	0
2855	63	0
2856	63	0
2857	63	0
2858	63	0
2859	63	0
2860	63	0
2861	63	0
2862	63	0
2863	63	0
2864	63	0
2865	63	0
2866	63	0
2867	63	0
2868	63	0
2869	63	0
2870	64	0
2871	63	0
2872	63	0
2873	63	0
2874	63	0
2875	63	0
2876	63	0
2877	64	0
2878	63	0
2879	63	0
2880	63	0
2881	65	0
2882	63	0
2883	64	0
2884	63	0
2885	63	0
2886	63	0
2887	63	0
2888	64	0
2889	63	0
2890	63	0
2891	63	0
2892	62	0
2893	63	0
2894	63	0
2895	63	0
2896	63	0
2897	63	0
2898	63	0
2899	63	0
2900	63	0
2901	63	0
2902	63	0
2903	63	0
2904	63	0
2905	63	0
2906	63	0
2907	63	0
2908	63	0
2909	63	0
2910	63	0
2911	63	0
2912	63	0
2913	63	0
2914	64	0
2915	63	0
2916	63	0
2917	65	0
2918	63	0
2919	63	0
2920	63	0
2921	63	0
2922	63	0
2923	63	0
2924	63	0
2925	63	0
2926	63	0
2927	63	0
2928	64	0
2929	64	0
2930	63	0
2931	63	0
2932	63	0
2933	63	0
2934	63	0
2935	63	0
2936	63	0
2937	63	0
2938	63	0
2939	63	0
2940	63	0
2941	63	0
2942	63	0
2943	63	0
2944	63	0
2945	63	0
2946	63	0
2947	63	0
2948	63	0
2949	64	0
2950	63	0
2951	63	0
2952	63	0
2953	63	0
2954	63	0
2955	63	0
2956	64	0
2957	63	0
2958	63	0
2959	63	0
2960	63	0
2961	63	0
2962	63	0
2963	63	0
2964	63	0
2965	63	0
2966	63	0
2967	63	0
2968	63	0
2969	63	0
2970	63	0
2971	63	0
2972	63	0
2973	63	0
2974	63	0
2975	63	0
2976	63	0
2977	63	0
2978	63	0
2979	63	0
2980	63	0
2981	63	0
2982	64	0
2983	63	0
2984	63	0
2985	65	0
2986	63	0
2987	63	0
2988	63	0
2989	63	0
2990	63	0
2991	63	0
2992	63	0
2993	63	0
2994	63	0
2995	63	0
2996	63	0
2997	63	0
2998	63	0
2999	63	0
3000	63	0
3001	63	0
3002	63	0
3003	63	0
3004	63	0
3005	64	0
3006	63	0
3007	63	0
3008	63	0
3009	63	0
3010	63	0
3011	63	0
3012	63	0
3013	63	0
3014	63	0
3015	63	0
3016	63	0
3017	63	0
3018	62	0
3019	64	0
3020	64	0
3021	63	0
3022	63	0
3023	63	0
3024	63	0
3025	63	0
3026	64	0
3027	64	0
3028	63	0
3029	63	0
3030	63	0
3031	63	0
3032	63	0
3033	63	0
3034	64	0
3035	63	0
3036	63	0
3037	63	0
3038	63	0
3039	63	0
3040	63	0
3041	63	0
3042	64	0
3043	63	0
3044	63	0
3045	63	0
3046	63	0
3047	63	0
3048	63	0
3049	63	0
3050	63	0
3051	63	0
3052	64	0
3053	63	0
3054	63	0
3055	63	0
3056	63	0
3057	63	0
3058	63	0
3059	63	0
3060	63	0
3061	63	0
3062	63	0
3063	63	0
3064	63	0
3065	63	0
3066	63	0
3067	63	0
3068	63	0
3069	63	0
3070	64	0
3071	63	0
3072	65	0
3073	65	0
3074	63	0
3075	63	0
3076	63	0
3077	63	0
3078	64	0
3079	63	0
3080	63	0
3081	63	0
3082	63	0
3083	63	0
3084	63	0
3085	63	0
3086	63	0
3087	63	0
3088	63	0
3089	63	0
3090	63	0
3091	63	0
3092	63	0
3093	64	0
3094	63	0
3095	63	0
3096	63	0
3097	63	0
3098	63	0
3099	63	0
3100	63	0
3101	63	0
3102	63	0
3103	63	0
3104	63	0
3105	63	0
3106	63	0
3107	63	0
3108	63	0
3109	63	0
3110	63	0
3111	63	0
3112	63	0
3113	63	0
3114	63	0
3115	65	0
3116	63	0
3117	63	0
3118	63	0
3119	63	0
3120	63	0
3121	64	0
3122	63	0
3123	64	0
3124	64	0
3125	64	0
3126	63	0
3127	63	0
3128	63	0
3129	65	0
3130	64	0
3131	63	0
3132	63	0
3133	63	0
3134	63	0
3135	65	0
3136	63	0
3137	63	0
3138	65	0
3139	63	0
3140	63	0
3141	63	0
3142	63	0
3143	63	0
3144	63	0
3145	63	0
3146	63	0
3147	63	0
3148	63	0
3149	63	0
3150	63	0
3151	62	0
3152	63	0
3153	63	0
3154	63	0
3155	63	0
3156	63	0
3157	63	0
3158	63	0
3159	64	0
3160	63	0
3161	63	0
3162	63	0
3163	63	0
3164	63	0
3165	63	0
3166	63	0
3167	63	0
3168	63	0
3169	63	0
3170	63	0
3171	63	0
3172	63	0
3173	63	0
3174	63	0
3175	63	0
3176	63	0
3177	64	0
3178	64	0
3179	63	0
3180	63	0
3181	63	0
3182	63	0
3183	63	0
3184	63	0
3185	63	0
3186	63	0
3187	63	0
3188	63	0
3189	63	0
3190	63	0
3191	63	0
3192	63	0
3193	63	0
3194	63	0
3195	63	0
3196	63	0
3197	63	0
3198	63	0
3199	65	0
3200	63	0
3201	64	0
3202	63	0
3203	63	0
3204	63	0
3205	64	0
3206	63	0
3207	63	0
3208	63	0
3209	63	0
3210	63	0
3211	63	0
3212	63	0
3213	63	0
3214	65	0
3215	63	0
3216	63	0
3217	63	0
3218	63	0
3219	63	0
3220	63	0
3221	63	0
3222	63	0
3223	63	0
3224	63	0
3225	63	0
3226	63	0
3227	63	0
3228	63	0
3229	63	0
3230	63	0
3231	63	0
3232	63	0
3233	63	0
3234	63	0
3235	63	0
3236	63	0
3237	63	0
3238	65	0
3239	63	0
3240	65	0
3241	63	0
3242	63	0
3243	63	0
3244	63	0
3245	63	0
3246	63	0
3247	63	0
3248	63	0
3249	63	0
3250	63	0
3251	63	0
3252	63	0
3253	63	0
3254	64	0
3255	63	0
3256	63	0
3257	64	0
3258	63	0
3259	63	0
3260	63	0
3261	63	0
3262	65	0
3263	63	0
3264	63	0
3265	63	0
3266	63	0
3267	63	0
3268	63	0
3269	63	0
3270	63	0
3271	63	0
3272	63	0
3273	63	0
3274	63	0
3275	63	0
3276	63	0
3277	63	0
3278	63	0
3279	63	0
3280	63	0
3281	63	0
3282	63	0
3283	64	0
3284	63	0
3285	65	0
3286	63	0
3287	63	0
3288	63	0
3289	63	0
3290	63	0
3291	63	0
3292	63	0
3293	63	0
3294	63	0
3295	63	0
3296	63	0
3297	63	0
3298	63	0
3299	63	0
3300	63	0
3301	63	0
3302	63	0
3303	64	0
3304	63	0
3305	63	0
3306	63	0
3307	63	0
3308	63	0
3309	63	0
3310	63	0
3311	63	0
3312	63	0
3313	63	0
3314	63	0
3315	63	0
3316	63	0
3317	63	0
3318	63	0
3319	63	0
3320	63	0
3321	63	0
3322	63	0
3323	63	0
3324	63	0
3325	63	0
3326	63	0
3327	63	0
3328	63	0
3329	63	0
3330	63	0
3331	63	0
3332	63	0
3333	62	0
3334	63	0
3335	63	0
3336	63	0
3337	63	0
3338	63	0
3339	63	0
3340	63	0
3341	63	0
3342	65	0
3343	63	0
3344	64	0
3345	63	0
3346	63	0
3347	63	0
3348	63	0
3349	63	0
3350	63	0
3351	63	0
3352	64	0
3353	64	0
3354	63	0
3355	63	0
3356	64	0
3357	63	0
3358	63	0
3359	63	0
3360	63	0
3361	191	1
3362	191	1
3363	191	1
3364	191	1
3365	191	1
3366	191	1
3367	191	1
3368	191	1
3369	191	1
3370	191	1
3371	191	1
3372	191	1
3373	191	1
3374	191	1
3375	191	1
3376	191	1
3377	191	1
3378	191	1
3379	191	1
3380	191	1
3381	191	1
3382	191	1
3383	191	1
3384	191	1
3385	191	1
3386	191	1
3387	191	1
3388	191	1
3389	191	1
3390	191	1
3391	191	1
3392	191	1
3393	191	1
3394	191	1
3395	191	1
3396	191	1
3397	191	1
3398	191	1
3399	191	1
3400	191	1
3401	191	1
3402	191	1
3403	191	1
3404	191	1
3405	191	1
3406	191	1
3407	191	1
3408	191	1
3409	191	1
3410	191	1
3411	191	1
3412	191	1
3413	191	1
3414	191	1
3415	191	1
3416	191	1
3417	191	1
3418	191	1
3419	191	1
3420	191	1
3421	191	1
3422	191	1
3423	191	1
3424	191	1
3425	191	1
3426	191	1
3427	191	1
3428	191	1
3429	191	1
3430	191	1
3431	191	1
3432	191	1
3433	191	1
3434	191	1
3435	191	1
3436	191	1
3437	191	1
3438	191	1
3439	191	1
3440	191	1
3441	63	0
3442	63	0
3443	63	0
3444	63	0
3445	63	0
3446	63	0
3447	63	0
3448	63	0
3449	63	0
3450	63	0
3451	63	0
3452	63	0
3453	63	0
3454	63	0
3455	63	0
3456	63	0
3457	63	0
3458	63	0
3459	63	0
3460	63	0
3461	65	0
3462	63	0
3463	63	0
3464	63	0
3465	63	0
3466	63	0
3467	63	0
3468	63	0
3469	63	0
3470	63	0
3471	63	0
3472	63	0
3473	63	0
3474	63	0
3475	63	0
3476	63	0
3477	64	0
3478	63	0
3479	63	0
3480	63	0
3481	63	0
3482	63	0
3483	63	0
3484	63	0
3485	63	0
3486	63	0
3487	63	0
3488	63	0
3489	63	0
3490	63	0
3491	63	0
3492	63	0
3493	63	0
3494	63	0
3495	63	0
3496	63	0
3497	63	0
3498	63	0
3499	63	0
3500	63	0
3501	63	0
3502	63	0
3503	63	0
3504	63	0
3505	63	0
3506	64	0
3507	64	0
3508	63	0
3509	63	0
3510	63	0
3511	64	0
3512	63	0
3513	63	0
3514	64	0
3515	63	0
3516	63	0
3517	63	0
3518	63	0
3519	64	0
3520	63	0
3521	64	0
3522	63	0
3523	63	0
3524	63	0
3525	65	0
3526	63	0
3527	63	0
3528	65	0
3529	63	0
3530	63	0
3531	63	0
3532	63	0
3533	63	0
3534	63	0
3535	63	0
3536	63	0
3537	63	0
3538	63	0
3539	63	0
3540	63	0
3541	63	0
3542	63	0
3543	63	0
3544	63	0
3545	63	0
3546	62	0
3547	63	0
3548	63	0
3549	63	0
3550	63	0
3551	63	0
3552	63	0
3553	63	0
3554	64	0
3555	64	0
3556	63	0
3557	63	0
3558	63	0
3559	63	0
3560	65	0
3561	63	0
3562	63	0
3563	63	0
3564	63	0
3565	63	0
3566	63	0
3567	63	0
3568	63	0
3569	63	0
3570	63	0
3571	63	0
3572	63	0
3573	63	0
3574	63	0
3575	63	0
3576	63	0
3577	63	0
3578	63	0
3579	63	0
3580	63	0
3581	63	0
3582	62	0
3583	63	0
3584	64	0
3585	63	0
3586	63	0
3587	63	0
3588	63	0
3589	63	0
3590	62	0
3591	63	0
3592	63	0
3593	63	0
3594	63	0
3595	63	0
3596	63	0
3597	63	0
3598	63	0
3599	63	0
3600	63	0
3601	63	0
3602	63	0
3603	63	0
3604	63	0
3605	63	0
3606	63	0
3607	63	0
3608	63	0
3609	63	0
3610	63	0
3611	63	0
3612	64	0
3613	63	0
3614	63	0
3615	63	0
3616	63	0
3617	63	0
3618	63	0
3619	63	0
3620	63	0
3621	63	0
3622	63	0
3623	63	0
3624	63	0
3625	63	0
3626	63	0
3627	63	0
3628	63	0
3629	63	0
3630	63	0
3631	63	0
3632	63	0
3633	62	0
3634	63	0
3635	63	0
3636	63	0
3637	63	0
3638	63	0
3639	64	0
3640	63	0
3641	63	0
3642	63	0
3643	63	0
3644	63	0
3645	64	0
3646	63	0
3647	63	0
3648	63	0
3649	63	0
3650	63	0
3651	63	0
3652	63	0
3653	63	0
3654	63	0
3655	63	0
3656	63	0
3657	63	0
3658	63	0
3659	63	0
3660	64	0
3661	63	0
3662	63	0
3663	63	0
3664	63	0
3665	63	0
3666	63	0
3667	63	0
3668	63	0
3669	63	0
3670	63	0
3671	63	0
3672	63	0
3673	63	0
3674	63	0
3675	63	0
3676	63	0
3677	64	0
3678	63	0
3679	63	0
3680	63	0
3681	63	0
3682	63	0
3683	63	0
3684	63	0
3685	63	0
3686	63	0
3687	65	0
3688	63	0
3689	63	0
3690	63	0
3691	63	0
3692	63	0
3693	63	0
3694	62	0
3695	63	0
3696	65	0
3697	64	0
3698	64	0
3699	63	0
3700	63	0
3701	63	0
3702	64	0
3703	63	0
3704	63	0
3705	63	0
3706	63	0
3707	63	0
3708	63	0
3709	63	0
3710	63	0
3711	63	0
3712	63	0
3713	63	0
3714	63	0
3715	63	0
3716	63	0
3717	63	0
3718	63	0
3719	63	0
3720	63	0
3721	63	0
3722	65	0
3723	65	0
3724	63	0
3725	63	0
3726	65	0
3727	63	0
3728	63	0
3729	63	0
3730	63	0
3731	63	0
3732	63	0
3733	63	0
3734	63	0
3735	63	0
3736	62	0
3737	63	0
3738	64	0
3739	63	0
3740	63	0
3741	63	0
3742	63	0
3743	63	0
3744	65	0
3745	63	0
3746	63	0
3747	63	0
3748	65	0
3749	64	0
3750	63	0
3751	63	0
3752	63	0
3753	63	0
3754	63	0
3755	63	0
3756	65	0
3757	63	0
3758	63	0
3759	63	0
3760	63	0
3761	63	0
3762	63	0
3763	63	0
3764	63	0
3765	63	0
3766	63	0
3767	64	0
3768	63	0
3769	63	0
3770	65	0
3771	65	0
3772	63	0
3773	63	0
3774	63	0
3775	63	0
3776	63	0
3777	63	0
3778	63	0
3779	63	0
3780	63	0
3781	63	0
3782	63	0
3783	63	0
3784	63	0
3785	62	0
3786	63	0
3787	63	0
3788	63	0
3789	63	0
3790	63	0
3791	63	0
3792	63	0
3793	63	0
3794	63	0
3795	63	0
3796	63	0
3797	63	0
3798	63	0
3799	63	0
3800	63	0
3801	63	0
3802	63	0
3803	63	0
3804	63	0
3805	63	0
3806	63	0
3807	63	0
3808	63	0
3809	63	0
3810	63	0
3811	63	0
3812	63	0
3813	63	0
3814	63	0
3815	63	0
3816	63	0
3817	63	0
3818	63	0
3819	63	0
3820	63	0
3821	63	0
3822	63	0
3823	63	0
3824	63	0
3825	63	0
3826	63	0
3827	63	0
3828	63	0
3829	63	0
3830	64	0
3831	63	0
3832	63	0
3833	63	0
3834	64	0
3835	63	0
3836	63	0
3837	64	0
3838	63	0
3839	63	0
3840	63	0
3841	63	0
3842	63	0
3843	63	0
3844	63	0
3845	63	0
3846	63	0
3847	63	0
3848	63	0
3849	63	0
3850	63	0
3851	63	0
3852	63	0
3853	63	0
3854	63	0
3855	63	0
3856	63	0
3857	63	0
3858	63	0
3859	63	0
3860	63	0
3861	63	0
3862	63	0
3863	63	0
3864	63	0
3865	63	0
3866	63	0
3867	63	0
3868	63	0
3869	63	0
3870	63	0
3871	63	0
3872	63	0
3873	63	0
3874	63	0
3875	63	0
3876	63	0
3877	63	0
3878	63	0
3879	63	0
3880	63	0
3881	63	0
3882	63	0
3883	63	0
3884	63	0
3885	63	0
3886	63	0
3887	63	0
3888	64	0
3889	63	0
3890	63	0
3891	64	0
3892	63	0
3893	63	0
3894	63	0
3895	63	0
3896	64	0
3897	63	0
3898	63	0
3899	64	0
3900	63	0
3901	63	0
3902	63	0
3903	63	0
3904	63	0
3905	63	0
3906	63	0
3907	63	0
3908	63	0
3909	63	0
3910	63	0
3911	63	0
3912	63	0
3913	63	0
3914	63	0
3915	63	0
3916	63	0
3917	63	0
3918	64	0
3919	63	0
3920	63	0
3921	63	0
3922	63	0
3923	63	0
3924	63	0
3925	63	0
3926	63	0
3927	63	0
3928	63	0
3929	63	0
3930	64	0
3931	63	0
3932	63	0
3933	63	0
3934	63	0
3935	63	0
3936	63	0
3937	64	0
3938	63	0
3939	63	0
3940	63	0
3941	63	0
3942	63	0
3943	63	0
3944	63	0
3945	64	0
3946	64	0
3947	63	0
3948	63	0
3949	63	0
3950	63	0
3951	63	0
3952	63	0
3953	63	0
3954	63	0
3955	63	0
3956	63	0
3957	63	0
3958	63	0
3959	63	0
3960	63	0
3961	64	0
3962	63	0
3963	63	0
3964	63	0
3965	63	0
3966	63	0
3967	63	0
3968	64	0
3969	63	0
3970	63	0
3971	63	0
3972	64	0
3973	63	0
3974	63	0
3975	65	0
3976	63	0
3977	63	0
3978	63	0
3979	63	0
3980	63	0
3981	63	0
3982	63	0
3983	63	0
3984	63	0
3985	63	0
3986	63	0
3987	63	0
3988	63	0
3989	63	0
3990	63	0
3991	63	0
3992	63	0
3993	63	0
3994	63	0
3995	63	0
3996	63	0
3997	63	0
3998	63	0
3999	63	0
4000	63	0
4001	191	1
4002	191	1
4003	191	1
4004	191	1
4005	191	1
4006	191	1
4007	191	1
4008	191	1
4009	191	1
4010	191	1
4011	191	1
4012	191	1
4013	191	1
4014	191	1
4015	191	1
4016	191	1
4017	191	1
4018	191	1
4019	191	1
4020	191	1
4021	191	1
4022	191	1
4023	191	1
4024	191	1
4025	191	1
4026	191	1
4027	191	1
4028	191	1
4029	191	1
4030	191	1
4031	191	1
4032	191	1
4033	191	1
4034	191	1
4035	191	1
4036	191	1
4037	191	1
4038	191	1
4039	191	1
4040	191	1
4041	191	1
4042	191	1
4043	191	1
4044	191	1
4045	191	1
4046	191	1
4047	191	1
4048	191	1
4049	191	1
4050	191	1
4051	191	1
4052	191	1
4053	191	1
4054	191	1
4055	191	1
4056	191	1
4057	191	1
4058	191	1
4059	191	1
4060	191	1
4061	191	1
4062	191	1
4063	191	1
4064	191	1
4065	191	1
4066	191	1
4067	191	1
4068	191	1
4069	191	1
4070	191	1
4071	191	1
4072	190	1
4073	191	1
4074	191	1
4075	191	1
4076	190	1
4077	191	1
4078	191	1
4079	191	1
4080	191	1
4081	63	0
4082	63	0
4083	63	0
4084	63	0
4085	63	0
4086	63	0
4087	63	0
4088	63	0
4089	63	0
4090	63	0
4091	63	0
4092	63	0
4093	63	0
4094	63	0
4095	63	0
4096	63	0
4097	63	0
4098	63	0
4099	63	0
4100	65	0
4101	63	0
4102	63	0
4103	64	0
4104	63	0
4105	63	0
4106	63	0
4107	63	0
4108	63	0
4109	63	0
4110	63	0
4111	63	0
4112	63	0
4113	63	0
4114	63	0
4115	63	0
4116	63	0
4117	63	0
4118	63	0
4119	63	0
4120	63	0
4121	63	0
4122	63	0
4123	63	0
4124	63	0
4125	63	0
4126	63	0
4127	63	0
4128	63	0
4129	63	0
4130	63	0
4131	63	0
4132	63	0
4133	65	0
4134	63	0
4135	63	0
4136	64	0
4137	63	0
4138	63	0
4139	63	0
4140	63	0
4141	63	0
4142	63	0
4143	63	0
4144	63	0
4145	63	0
4146	63	0
4147	63	0
4148	63	0
4149	63	0
4150	63	0
4151	63	0
4152	63	0
4153	63	0
4154	63	0
4155	63	0
4156	63	0
4157	63	0
4158	63	0
4159	63	0
4160	63	0
4161	63	0
4162	63	0
4163	63	0
4164	63	0
4165	65	0
4166	63	0
4167	63	0
4168	64	0
4169	63	0
4170	62	0
4171	63	0
4172	63	0
4173	63	0
4174	63	0
4175	63	0
4176	63	0
4177	63	0
4178	63	0
4179	63	0
4180	63	0
4181	63	0
4182	63	0
4183	63	0
4184	63	0
4185	63	0
4186	63	0
4187	63	0
4188	63	0
4189	63	0
4190	64	0
4191	63	0
4192	63	0
4193	63	0
4194	63	0
4195	63	0
4196	63	0
4197	63	0
4198	63	0
4199	63	0
4200	63	0
4201	63	0
4202	63	0
4203	63	0
4204	63	0
4205	63	0
4206	63	0
4207	63	0
4208	63	0
4209	63	0
4210	63	0
4211	63	0
4212	63	0
4213	63	0
4214	63	0
4215	65	0
4216	63	0
4217	63	0
4218	63	0
4219	63	0
4220	63	0
4221	65	0
4222	63	0
4223	63	0
4224	63	0
4225	63	0
4226	63	0
4227	63	0
4228	63	0
4229	63	0
4230	63	0
4231	63	0
4232	63	0
4233	63	0
4234	63	0
4235	64	0
4236	63	0
4237	63	0
4238	63	0
4239	63	0
4240	63	0
4241	63	0
4242	63	0
4243	63	0
4244	63	0
4245	64	0
4246	63	0
4247	63	0
4248	63	0
4249	63	0
4250	63	0
4251	63	0
4252	63	0
4253	63	0
4254	63	0
4255	63	0
4256	63	0
4257	63	0
4258	63	0
4259	63	0
4260	64	0
4261	63	0
4262	63	0
4263	63	0
4264	63	0
4265	63	0
4266	63	0
4267	63	0
4268	64	0
4269	63	0
4270	63	0
4271	63	0
4272	63	0
4273	63	0
4274	63	0
4275	65	0
4276	63	0
4277	63	0
4278	63	0
4279	63	0
4280	65	0
4281	63	0
4282	63	0
4283	63	0
4284	63	0
4285	63	0
4286	63	0
4287	63	0
4288	65	0
4289	63	0
4290	63	0
4291	63	0
4292	63	0
4293	63	0
4294	63	0
4295	63	0
4296	64	0
4297	63	0
4298	63	0
4299	63	0
4300	63	0
4301	63	0
4302	63	0
4303	63	0
4304	63	0
4305	63	0
4306	63	0
4307	63	0
4308	63	0
4309	63	0
4310	63	0
4311	63	0
4312	63	0
4313	63	0
4314	65	0
4315	63	0
4316	63	0
4317	63	0
4318	63	0
4319	63	0
4320	63	0
4321	63	0
4322	64	0
4323	63	0
4324	63	0
4325	63	0
4326	63	0
4327	63	0
4328	63	0
4329	63	0
4330	63	0
4331	63	0
4332	63	0
4333	63	0
4334	63	0
4335	63	0
4336	63	0
4337	63	0
4338	63	0
4339	63	0
4340	64	0
4341	65	0
4342	63	0
4343	63	0
4344	63	0
4345	62	0
4346	63	0
4347	63	0
4348	63	0
4349	63	0
4350	63	0
4351	63	0
4352	63	0
4353	63	0
4354	63	0
4355	63	0
4356	63	0
4357	63	0
4358	63	0
4359	63	0
4360	63	0
4361	63	0
4362	63	0
4363	64	0
4364	63	0
4365	63	0
4366	63	0
4367	63	0
4368	63	0
4369	63	0
4370	63	0
4371	65	0
4372	63	0
4373	63	0
4374	63	0
4375	63	0
4376	63	0
4377	63	0
4378	63	0
4379	63	0
4380	64	0
4381	63	0
4382	63	0
4383	63	0
4384	63	0
4385	63	0
4386	63	0
4387	63	0
4388	63	0
4389	63	0
4390	63	0
4391	63	0
4392	63	0
4393	63	0
4394	63	0
4395	63	0
4396	63	0
4397	63	0
4398	63	0
4399	63	0
4400	63	0
4401	63	0
4402	63	0
4403	63	0
4404	64	0
4405	64	0
4406	63	0
4407	63	0
4408	63	0
4409	63	0
4410	63	0
4411	63	0
4412	63	0
4413	65	0
4414	63	0
4415	63	0
4416	63	0
4417	63	0
4418	63	0
4419	63	0
4420	63	0
4421	63	0
4422	63	0
4423	63	0
4424	63	0
4425	64	0
4426	63	0
4427	63	0
4428	63	0
4429	63	0
4430	63	0
4431	64	0
4432	63	0
4433	63	0
4434	63	0
4435	64	0
4436	63	0
4437	63	0
4438	63	0
4439	63	0
4440	63	0
4441	63	0
4442	63	0
4443	63	0
4444	63	0
4445	63	0
4446	63	0
4447	63	0
4448	63	0
4449	63	0
4450	63	0
4451	63	0
4452	63	0
4453	63	0
4454	63	0
4455	63	0
4456	63	0
4457	62	0
4458	63	0
4459	63	0
4460	63	0
4461	63	0
4462	63	0
4463	63	0
4464	63	0
4465	63	0
4466	63	0
4467	63	0
4468	63	0
4469	63	0
4470	63	0
4471	63	0
4472	63	0
4473	63	0
4474	63	0
4475	63	0
4476	63	0
4477	63	0
4478	63	0
4479	63	0
4480	63	0
4481	63	0
4482	63	0
4483	63	0
4484	63	0
4485	64	0
4486	63	0
4487	63	0
4488	63	0
4489	63	0
4490	63	0
4491	63	0
4492	63	0
4493	63	0
4494	63	0
4495	63	0
4496	63	0
4497	63	0
4498	63	0
4499	63	0
4500	63	0
4501	63	0
4502	64	0
4503	64	0
4504	63	0
4505	63	0
4506	63	0
4507	63	0
4508	63	0
4509	63	0
4510	63	0
4511	63	0
4512	63	0
4513	63	0
4514	63	0
4515	63	0
4516	63	0
4517	63	0
4518	63	0
4519	63	0
4520	63	0
4521	63	0
4522	63	0
4523	65	0
4524	65	0
4525	63	0
4526	63	0
4527	63	0
4528	63	0
4529	63	0
4530	63	0
4531	63	0
4532	63	0
4533	63	0
4534	63	0
4535	63	0
4536	63	0
4537	63	0
4538	63	0
4539	63	0
4540	63	0
4541	63	0
4542	63	0
4543	63	0
4544	63	0
4545	63	0
4546	63	0
4547	63	0
4548	63	0
4549	63	0
4550	63	0
4551	63	0
4552	63	0
4553	63	0
4554	63	0
4555	63	0
4556	63	0
4557	64	0
4558	64	0
4559	63	0
4560	63	0
4561	64	0
4562	63	0
4563	63	0
4564	64	0
4565	63	0
4566	63	0
4567	63	0
4568	63	0
4569	64	0
4570	63	0
4571	63	0
4572	63	0
4573	63	0
4574	62	0
4575	63	0
4576	65	0
4577	63	0
4578	63	0
4579	63	0
4580	63	0
4581	63	0
4582	63	0
4583	63	0
4584	65	0
4585	63	0
4586	63	0
4587	63	0
4588	63	0
4589	64	0
4590	63	0
4591	63	0
4592	63	0
4593	63	0
4594	63	0
4595	63	0
4596	63	0
4597	63	0
4598	63	0
4599	63	0
4600	63	0
4601	63	0
4602	63	0
4603	63	0
4604	63	0
4605	63	0
4606	63	0
4607	63	0
4608	63	0
4609	63	0
4610	63	0
4611	63	0
4612	63	0
4613	63	0
4614	63	0
4615	63	0
4616	63	0
4617	63	0
4618	63	0
4619	65	0
4620	63	0
4621	63	0
4622	63	0
4623	63	0
4624	63	0
4625	63	0
4626	63	0
4627	63	0
4628	64	0
4629	62	0
4630	63	0
4631	63	0
4632	63	0
4633	64	0
4634	63	0
4635	63	0
4636	63	0
4637	63	0
4638	63	0
4639	64	0
4640	63	0
4641	191	1
4642	191	1
4643	191	1
4644	191	1
4645	191	1
4646	191	1
4647	191	1
4648	191	1
4649	191	1
4650	191	1
4651	191	1
4652	191	1
4653	191	1
4654	191	1
4655	191	1
4656	191	1
4657	191	1
4658	191	1
4659	191	1
4660	191	1
4661	191	1
4662	191	1
4663	191	1
4664	191	1
4665	191	1
4666	191	1
4667	191	1
4668	191	1
4669	191	1
4670	191	1
4671	191	1
4672	191	1
4673	191	1
4674	191	1
4675	191	1
4676	191	1
4677	191	1
4678	191	1
4679	191	1
4680	191	1
4681	191	1
4682	191	1
4683	190	1
4684	191	1
4685	191	1
4686	191	1
4687	191	1
4688	191	1
4689	191	1
4690	191	1
4691	191	1
4692	191	1
4693	191	1
4694	191	1
4695	191	1
4696	191	1
4697	191	1
4698	191	1
4699	191	1
4700	191	1
4701	191	1
4702	191	1
4703	191	1
4704	190	1
4705	191	1
4706	191	1
4707	191	1
4708	191	1
4709	191	1
4710	191	1
4711	191	1
4712	191	1
4713	191	1
4714	191	1
4715	191	1
4716	191	1
4717	191	1
4718	191	1
4719	191	1
4720	191	1
4721	63	0
4722	63	0
4723	63	0
4724	63	0
4725	63	0
4726	63	0
4727	63	0
4728	63	0
4729	63	0
4730	63	0
4731	63	0
4732	63	0
4733	63	0
4734	63	0
4735	63	0
4736	63	0
4737	64	0
4738	63	0
4739	63	0
4740	63	0
4741	63	0
4742	63	0
4743	63	0
4744	63	0
4745	63	0
4746	63	0
4747	63	0
4748	63	0
4749	63	0
4750	63	0
4751	63	0
4752	63	0
4753	63	0
4754	63	0
4755	63	0
4756	63	0
4757	63	0
4758	63	0
4759	63	0
4760	63	0
4761	63	0
4762	63	0
4763	63	0
4764	63	0
4765	63	0
4766	63	0
4767	63	0
4768	63	0
4769	63	0
4770	63	0
4771	63	0
4772	63	0
4773	63	0
4774	63	0
4775	63	0
4776	63	0
4777	63	0
4778	63	0
4779	63	0
4780	63	0
4781	63	0
4782	63	0
4783	63	0
4784	63	0
4785	63	0
4786	63	0
4787	63	0
4788	63	0
4789	63	0
4790	63	0
4791	63	0
4792	65	0
4793	64	0
4794	65	0
4795	63	0
4796	63	0
4797	65	0
4798	64	0
4799	63	0
4800	63	0
4801	63	0
4802	63	0
4803	65	0
4804	63	0
4805	63	0
4806	63	0
4807	63	0
4808	63	0
4809	63	0
4810	63	0
4811	63	0
4812	63	0
4813	63	0
4814	63	0
4815	63	0
4816	63	0
4817	63	0
4818	63	0
4819	63	0
4820	63	0
4821	63	0
4822	63	0
4823	63	0
4824	64	0
4825	63	0
4826	63	0
4827	63	0
4828	63	0
4829	63	0
4830	63	0
4831	63	0
4832	63	0
4833	63	0
4834	63	0
4835	63	0
4836	63	0
4837	63	0
4838	64	0
4839	63	0
4840	63	0
4841	63	0
4842	64	0
4843	63	0
4844	63	0
4845	63	0
4846	63	0
4847	63	0
4848	63	0
4849	63	0
4850	63	0
4851	63	0
4852	63	0
4853	63	0
4854	63	0
4855	63	0
4856	63	0
4857	63	0
4858	64	0
4859	63	0
4860	63	0
4861	63	0
4862	63	0
4863	63	0
4864	64	0
4865	63	0
4866	63	0
4867	63	0
4868	63	0
4869	65	0
4870	64	0
4871	63	0
4872	63	0
4873	63	0
4874	63	0
4875	63	0
4876	63	0
4877	63	0
4878	63	0
4879	63	0
4880	63	0
4881	63	0
4882	64	0
4883	63	0
4884	63	0
4885	63	0
4886	63	0
4887	63	0
4888	63	0
4889	63	0
4890	63	0
4891	63	0
4892	63	0
4893	63	0
4894	63	0
4895	63	0
4896	63	0
4897	63	0
4898	63	0
4899	63	0
4900	63	0
4901	63	0
4902	63	0
4903	63	0
4904	63	0
4905	63	0
4906	63	0
4907	63	0
4908	63	0
4909	63	0
4910	63	0
4911	63	0
4912	63	0
4913	63	0
4914	63	0
4915	64	0
4916	63	0
4917	64	0
4918	63	0
4919	63	0
4920	63	0
4921	63	0
4922	63	0
4923	63	0
4924	63	0
4925	63	0
4926	63	0
4927	63	0
4928	65	0
4929	63	0
4930	63	0
4931	63	0
4932	63	0
4933	63	0
4934	63	0
4935	64	0
4936	63	0
4937	63	0
4938	63	0
4939	63	0
4940	63	0
4941	63	0
4942	63	0
4943	63	0
4944	63	0
4945	63	0
4946	63	0
4947	63	0
4948	63	0
4949	63	0
4950	65	0
4951	63	0
4952	63	0
4953	63	0
4954	63	0
4955	63	0
4956	63	0
4957	63	0
4958	63	0
4959	63	0
4960	63	0
4961	63	0
4962	63	0
4963	63	0
4964	63	0
4965	63	0
4966	63	0
4967	63	0
4968	63	0
4969	65	0
4970	63	0
4971	63	0
4972	63	0
4973	63	0
4974	64	0
4975	63	0
4976	63	0
4977	63	0
4978	63	0
4979	63	0
4980	63	0
4981	63	0
4982	63	0
4983	63	0
4984	63	0
4985	63	0
4986	63	0
4987	63	0
4988	63	0
4989	63	0
4990	63	0
4991	63	0
4992	63	0
4993	63	0
4994	63	0
4995	63	0
4996	63	0
4997	63	0
4998	63	0
4999	63	0
5000	63	0
5001	63	0
5002	63	0
5003	63	0
5004	63	0
5005	63	0
5006	63	0
5007	63	0
5008	63	0
5009	65	0
5010	63	0
5011	63	0
5012	63	0
5013	63	0
5014	63	0
5015	63	0
5016	63	0
5017	63	0
5018	63	0
5019	63	0
5020	63	0
5021	63	0
5022	63	0
5023	63	0
5024	63	0
5025	63	0
5026	63	0
5027	63	0
5028	63	0
5029	63	0
5030	63	0
5031	63	0
5032	63	0
5033	63	0
5034	63	0
5035	63	0
5036	63	0
5037	63	0
5038	63	0
5039	63	0
5040	63	0
5041	63	0
5042	63	0
5043	63	0
5044	63	0
5045	63	0
5046	63	0
5047	63	0
5048	63	0
5049	63	0
5050	63	0
5051	63	0
5052	63	0
5053	63	0
5054	63	0
5055	63	0
5056	63	0
5057	63	0
5058	63	0
5059	63	0
5060	63	0
5061	63	0
5062	63	0
5063	63	0
5064	63	0
5065	63	0
5066	63	0
5067	64	0
5068	63	0
5069	63	0
5070	63	0
5071	64	0
5072	63	0
5073	63	0
5074	63	0
5075	63	0
5076	63	0
5077	63	0
5078	63	0
5079	64	0
5080	63	0
5081	63	0
5082	64	0
5083	63	0
5084	63	0
5085	63	0
5086	63	0
5087	63	0
5088	63	0
5089	65	0
5090	63	0
5091	63	0
5092	63	0
5093	63	0
5094	63	0
5095	63	0
5096	63	0
5097	63	0
5098	63	0
5099	63	0
5100	63	0
5101	63	0
5102	63	0
5103	63	0
5104	63	0
5105	63	0
5106	63	0
5107	63	0
5108	63	0
5109	63	0
5110	63	0
5111	63	0
5112	63	0
5113	63	0
5114	63	0
5115	63	0
5116	63	0
5117	63	0
5118	63	0
5119	63	0
5120	63	0
5121	63	0
5122	63	0
5123	63	0
5124	63	0
5125	64	0
5126	63	0
5127	63	0
5128	63	0
5129	63	0
5130	63	0
5131	63	0
5132	63	0
5133	63	0
5134	64	0
5135	63	0
5136	63	0
5137	63	0
5138	63	0
5139	63	0
5140	63	0
5141	64	0
5142	63	0
5143	63	0
5144	65	0
5145	63	0
5146	63	0
5147	63	0
5148	65	0
5149	63	0
5150	63	0
5151	63	0
5152	63	0
5153	63	0
5154	63	0
5155	63	0
5156	63	0
5157	63	0
5158	63	0
5159	64	0
5160	63	0
5161	62	0
5162	63	0
5163	63	0
5164	64	0
5165	65	0
5166	63	0
5167	63	0
5168	65	0
5169	63	0
5170	63	0
5171	63	0
5172	63	0
5173	63	0
5174	64	0
5175	63	0
5176	63	0
5177	63	0
5178	65	0
5179	63	0
5180	64	0
5181	63	0
5182	63	0
5183	63	0
5184	63	0
5185	63	0
5186	63	0
5187	63	0
5188	63	0
5189	63	0
5190	64	0
5191	63	0
5192	63	0
5193	63	0
5194	63	0
5195	63	0
5196	64	0
5197	63	0
5198	63	0
5199	63	0
5200	63	0
5201	63	0
5202	63	0
5203	63	0
5204	63	0
5205	63	0
5206	63	0
5207	63	0
5208	63	0
5209	63	0
5210	63	0
5211	63	0
5212	63	0
5213	63	0
5214	63	0
5215	63	0
5216	63	0
5217	63	0
5218	63	0
5219	63	0
5220	63	0
5221	63	0
5222	65	0
5223	63	0
5224	63	0
5225	63	0
5226	64	0
5227	65	0
5228	63	0
5229	63	0
5230	63	0
5231	63	0
5232	63	0
5233	63	0
5234	63	0
5235	63	0
5236	63	0
5237	63	0
5238	63	0
5239	63	0
5240	63	0
5241	63	0
5242	63	0
5243	63	0
5244	63	0
5245	63	0
5246	63	0
5247	63	0
5248	63	0
5249	63	0
5250	63	0
5251	63	0
5252	63	0
5253	63	0
5254	63	0
5255	64	0
5256	63	0
5257	63	0
5258	63	0
5259	63	0
5260	63	0
5261	63	0
5262	63	0
5263	63	0
5264	63	0
5265	63	0
5266	63	0
5267	63	0
5268	63	0
5269	64	0
5270	63	0
5271	63	0
5272	63	0
5273	63	0
5274	63	0
5275	65	0
5276	63	0
5277	63	0
5278	63	0
5279	63	0
5280	63	0
5281	191	1
5282	191	1
5283	191	1
5284	191	1
5285	191	1
5286	191	1
5287	191	1
5288	191	1
5289	191	1
5290	191	1
5291	191	1
5292	191	1
5293	191	1
5294	191	1
5295	191	1
5296	191	1
5297	191	1
5298	191	1
5299	191	1
5300	191	1
5301	191	1
5302	191	1
5303	191	1
5304	191	1
5305	191	1
5306	191	1
5307	191	1
5308	191	1
5309	191	1
5310	191	1
5311	191	1
5312	191	1
5313	191	1
5314	190	1
5315	191	1
5316	191	1
5317	191	1
5318	191	1
5319	191	1
5320	191	1
5321	191	1
5322	191	1
5323	191	1
5324	191	1
5325	191	1
5326	191	1
5327	191	1
5328	191	1
5329	191	1
5330	191	1
5331	191	1
5332	191	1
5333	191	1
5334	191	1
5335	191	1
5336	191	1
5337	191	1
5338	190	1
5339	191	1
5340	191	1
5341	191	1
5342	191	1
5343	191	1
5344	191	1
5345	191	1
5346	191	1
5347	191	1
5348	191	1
5349	191	1
5350	191	1
5351	191	1
5352	191	1
5353	191	1
5354	191	1
5355	191	1
5356	191	1
5357	191	1
5358	191	1
5359	191	1
5360	191	1
5361	63	0
5362	63	0
5363	64	0
5364	63	0
5365	63	0
5366	63	0
5367	63	0
5368	63	0
5369	63	0
5370	63	0
5371	63	0
5372	64	0
5373	63	0
5374	63	0
5375	63	0
5376	65	0
5377	63	0
5378	63	0
5379	63	0
5380	62	0
5381	63	0
5382	63	0
5383	63	0
5384	63	0
5385	63	0
5386	63	0
5387	63	0
5388	63	0
5389	63	0
5390	63	0
5391	63	0
5392	63	0
5393	63	0
5394	63	0
5395	63	0
5396	63	0
5397	63	0
5398	64	0
5399	63	0
5400	63	0
5401	63	0
5402	63	0
5403	63	0
5404	63	0
5405	63	0
5406	63	0
5407	63	0
5408	63	0
5409	64	0
5410	63	0
5411	63	0
5412	63	0
5413	63	0
5414	63	0
5415	63	0
5416	63	0
5417	63	0
5418	63	0
5419	63	0
5420	63	0
5421	64	0
5422	64	0
5423	63	0
5424	64	0
5425	63	0
5426	63	0
5427	63	0
5428	63	0
5429	63	0
5430	63	0
5431	63	0
5432	63	0
5433	63	0
5434	63	0
5435	63	0
5436	63	0
5437	63	0
5438	63	0
5439	63	0
5440	63	0
5441	63	0
5442	63	0
5443	63	0
5444	63	0
5445	63	0
5446	63	0
5447	63	0
5448	63	0
5449	63	0
5450	63	0
5451	63	0
5452	63	0
5453	63	0
5454	63	0
5455	63	0
5456	63	0
5457	63	0
5458	63	0
5459	63	0
5460	63	0
5461	63	0
5462	63	0
5463	63	0
5464	63	0
5465	63	0
5466	63	0
5467	63	0
5468	63	0
5469	63	0
5470	63	0
5471	63	0
5472	63	0
5473	63	0
5474	63	0
5475	63	0
5476	63	0
5477	65	0
5478	63	0
5479	63	0
5480	63	0
5481	64	0
5482	63	0
5483	63	0
5484	63	0
5485	63	0
5486	63	0
5487	63	0
5488	63	0
5489	63	0
5490	63	0
5491	63	0
5492	63	0
5493	63	0
5494	63	0
5495	63	0
5496	63	0
5497	63	0
5498	63	0
5499	63	0
5500	63	0
5501	63	0
5502	63	0
5503	62	0
5504	63	0
5505	63	0
5506	65	0
5507	63	0
5508	63	0
5509	63	0
5510	63	0
5511	63	0
5512	64	0
5513	63	0
5514	63	0
5515	65	0
5516	63	0
5517	63	0
5518	63	0
5519	63	0
5520	63	0
5521	63	0
5522	63	0
5523	63	0
5524	63	0
5525	63	0
5526	63	0
5527	63	0
5528	63	0
5529	63	0
5530	63	0
5531	63	0
5532	63	0
5533	63	0
5534	63	0
5535	64	0
5536	64	0
5537	63	0
5538	63	0
5539	63	0
5540	63	0
5541	63	0
5542	63	0
5543	63	0
5544	63	0
5545	63	0
5546	63	0
5547	65	0
5548	65	0
5549	63	0
5550	63	0
5551	63	0
5552	63	0
5553	63	0
5554	63	0
5555	63	0
5556	63	0
5557	63	0
5558	63	0
5559	63	0
5560	63	0
5561	63	0
5562	63	0
5563	63	0
5564	63	0
5565	63	0
5566	63	0
5567	63	0
5568	63	0
5569	63	0
5570	63	0
5571	63	0
5572	63	0
5573	63	0
5574	63	0
5575	63	0
5576	63	0
5577	63	0
5578	63	0
5579	63	0
5580	63	0
5581	63	0
5582	63	0
5583	64	0
5584	63	0
5585	63	0
5586	63	0
5587	63	0
5588	65	0
5589	63	0
5590	63	0
5591	63	0
5592	63	0
5593	63	0
5594	63	0
5595	64	0
5596	63	0
5597	63	0
5598	63	0
5599	63	0
5600	63	0
5601	63	0
5602	63	0
5603	63	0
5604	63	0
5605	63	0
5606	63	0
5607	63	0
5608	63	0
5609	63	0
5610	63	0
5611	63	0
5612	63	0
5613	63	0
5614	63	0
5615	63	0
5616	63	0
5617	65	0
5618	63	0
5619	63	0
5620	63	0
5621	63	0
5622	63	0
5623	63	0
5624	63	0
5625	63	0
5626	63	0
5627	63	0
5628	63	0
5629	63	0
5630	63	0
5631	64	0
5632	63	0
5633	63	0
5634	63	0
5635	63	0
5636	63	0
5637	63	0
5638	63	0
5639	63	0
5640	62	0
5641	63	0
5642	63	0
5643	64	0
5644	63	0
5645	63	0
5646	63	0
5647	63	0
5648	63	0
5649	63	0
5650	63	0
5651	63	0
5652	63	0
5653	63	0
5654	63	0
5655	63	0
5656	63	0
5657	63	0
5658	63	0
5659	63	0
5660	63	0
5661	63	0
5662	63	0
5663	63	0
5664	63	0
5665	63	0
5666	63	0
5667	63	0
5668	63	0
5669	63	0
5670	63	0
5671	63	0
5672	64	0
5673	63	0
5674	63	0
5675	63	0
5676	63	0
5677	63	0
5678	63	0
5679	63	0
5680	63	0
5681	63	0
5682	63	0
5683	63	0
5684	63	0
5685	63	0
5686	63	0
5687	63	0
5688	63	0
5689	64	0
5690	63	0
5691	65	0
5692	63	0
5693	63	0
5694	63	0
5695	63	0
5696	63	0
5697	63	0
5698	63	0
5699	63	0
5700	63	0
5701	63	0
5702	63	0
5703	63	0
5704	63	0
5705	63	0
5706	63	0
5707	63	0
5708	63	0
5709	63	0
5710	63	0
5711	63	0
5712	63	0
5713	63	0
5714	63	0
5715	64	0
5716	64	0
5717	63	0
5718	63	0
5719	63	0
5720	63	0
5721	63	0
5722	63	0
5723	63	0
5724	63	0
5725	63	0
5726	63	0
5727	63	0
5728	63	0
5729	63	0
5730	63	0
5731	63	0
5732	63	0
5733	63	0
5734	63	0
5735	63	0
5736	65	0
5737	65	0
5738	64	0
5739	63	0
5740	63	0
5741	63	0
5742	63	0
5743	63	0
5744	63	0
5745	64	0
5746	63	0
5747	64	0
5748	63	0
5749	63	0
5750	63	0
5751	63	0
5752	63	0
5753	63	0
5754	63	0
5755	64	0
5756	63	0
5757	64	0
5758	64	0
5759	63	0
5760	63	0
5761	63	0
5762	63	0
5763	63	0
5764	63	0
5765	63	0
5766	63	0
5767	63	0
5768	63	0
5769	63	0
5770	63	0
5771	63	0
5772	63	0
5773	63	0
5774	63	0
5775	63	0
5776	63	0
5777	63	0
5778	63	0
5779	63	0
5780	63	0
5781	63	0
5782	63	0
5783	63	0
5784	64	0
5785	63	0
5786	63	0
5787	63	0
5788	63	0
5789	63	0
5790	63	0
5791	63	0
5792	63	0
5793	65	0
5794	63	0
5795	63	0
5796	63	0
5797	63	0
5798	63	0
5799	63	0
5800	63	0
5801	64	0
5802	63	0
5803	63	0
5804	63	0
5805	63	0
5806	63	0
5807	62	0
5808	63	0
5809	63	0
5810	63	0
5811	63	0
5812	65	0
5813	63	0
5814	63	0
5815	63	0
5816	63	0
5817	63	0
5818	63	0
5819	63	0
5820	63	0
5821	63	0
5822	63	0
5823	63	0
5824	63	0
5825	63	0
5826	64	0
5827	63	0
5828	63	0
5829	63	0
5830	63	0
5831	63	0
5832	63	0
5833	63	0
5834	63	0
5835	63	0
5836	63	0
5837	63	0
5838	63	0
5839	63	0
5840	63	0
5841	63	0
5842	63	0
5843	64	0
5844	63	0
5845	63	0
5846	63	0
5847	63	0
5848	63	0
5849	63	0
5850	63	0
5851	63	0
5852	63	0
5853	62	0
5854	63	0
5855	63	0
5856	63	0
5857	63	0
5858	63	0
5859	63	0
5860	63	0
5861	64	0
5862	63	0
5863	63	0
5864	63	0
5865	63	0
5866	63	0
5867	63	0
5868	63	0
5869	63	0
5870	63	0
5871	63	0
5872	63	0
5873	65	0
5874	64	0
5875	63	0
5876	63	0
5877	63	0
5878	63	0
5879	63	0
5880	63	0
5881	63	0
5882	63	0
5883	63	0
5884	63	0
5885	63	0
5886	62	0
5887	63	0
5888	63	0
5889	63	0
5890	63	0
5891	63	0
5892	63	0
5893	63	0
5894	63	0
5895	63	0
5896	63	0
5897	65	0
5898	63	0
5899	64	0
5900	63	0
5901	63	0
5902	64	0
5903	63	0
5904	63	0
5905	63	0
5906	63	0
5907	64	0
5908	63	0
5909	63	0
5910	63	0
5911	63	0
5912	63	0
5913	63	0
5914	63	0
5915	63	0
5916	63	0
5917	63	0
5918	63	0
5919	63	0
5920	63	0
5921	191	1
5922	191	1
5923	191	1
5924	191	1
5925	191	1
5926	191	1
5927	191	1
5928	191	1
5929	191	1
5930	191	1
5931	191	1
5932	191	1
5933	191	1
5934	191	1
5935	191	1
5936	191	1
5937	191	1
5938	191	1
5939	191	1
5940	191	1
5941	191	1
5942	191	1
5943	191	1
5944	191	1
5945	191	1
5946	191	1
5947	191	1
5948	191	1
5949	191	1
5950	191	1
5951	191	1
5952	191	1
5953	191	1
5954	191	1
5955	191	1
5956	191	1
5957	191	1
5958	191	1
5959	191	1
5960	191	1
5961	191	1
5962	191	1
5963	191	1
5964	191	1
5965	191	1
5966	191	1
5967	191	1
5968	191	1
5969	191	1
5970	191	1
5971	191	1
5972	191	1
5973	191	1
5974	191	1
5975	191	1
5976	191	1
5977	191	1
5978	191	1
5979	191	1
5980	191	1
5981	191	1
5982	191	1
5983	191	1
5984	191	1
5985	191	1
5986	191	1
5987	191	1
5988	191	1
5989	191	1
5990	191	1
5991	191	1
5992	191	1
5993	191	1
5994	191	1
5995	191	1
5996	191	1
5997	191	1
5998	191	1
5999	191	1
6000	191	1
6001	63	0
6002	63	0
6003	63	0
6004	63	0
6005	63	0
6006	63	0
6007	63	0
6008	63	0
6009	63	0
6010	63	0
6011	63	0
6012	63	0
6013	63	0
6014	64	0
6015	63	0
6016	63	0
6017	63	0
6018	65	0
6019	63	0
6020	63	0
6021	63	0
6022	63	0
6023	63	0
6024	64	0
6025	63	0
6026	63	0
6027	63	0
6028	63	0
6029	63	0
6030	63	0
6031	63	0
6032	64	0
6033	63	0
6034	63	0
6035	63	0
6036	63	0
6037	63	0
6038	63	0
6039	63	0
6040	63	0
6041	63	0
6042	63	0
6043	63	0
6044	63	0
6045	63	0
6046	63	0
6047	63	0
6048	62	0
6049	64	0
6050	63	0
6051	63	0
6052	63	0
6053	63	0
6054	63	0
6055	64	0
6056	63	0
6057	63	0
6058	63	0
6059	63	0
6060	64	0
6061	63	0
6062	63	0
6063	63	0
6064	64	0
6065	63	0
6066	62	0
6067	63	0
6068	63	0
6069	63	0
6070	63	0
6071	63	0
6072	63	0
6073	63	0
6074	63	0
6075	63	0
6076	63	0
6077	63	0
6078	64	0
6079	63	0
6080	63	0
6081	63	0
6082	64	0
6083	63	0
6084	63	0
6085	63	0
6086	63	0
6087	63	0
6088	63	0
6089	63	0
6090	63	0
6091	63	0
6092	63	0
6093	63	0
6094	63	0
6095	63	0
6096	63	0
6097	63	0
6098	63	0
6099	63	0
6100	63	0
6101	63	0
6102	63	0
6103	63	0
6104	63	0
6105	63	0
6106	63	0
6107	63	0
6108	63	0
6109	63	0
6110	63	0
6111	63	0
6112	63	0
6113	63	0
6114	63	0
6115	63	0
6116	63	0
6117	63	0
6118	63	0
6119	63	0
6120	63	0
6121	63	0
6122	63	0
6123	63	0
6124	63	0
6125	63	0
6126	63	0
6127	63	0
6128	63	0
6129	63	0
6130	63	0
6131	63	0
6132	63	0
6133	63	0
6134	63	0
6135	63	0
6136	63	0
6137	63	0
6138	63	0
6139	63	0
6140	63	0
6141	63	0
6142	63	0
6143	63	0
6144	64	0
6145	63	0
6146	63	0
6147	63	0
6148	63	0
6149	63	0
6150	63	0
6151	63	0
6152	65	0
6153	63	0
6154	63	0
6155	63	0
6156	63	0
6157	63	0
6158	63	0
6159	65	0
6160	63	0
6161	65	0
6162	63	0
6163	64	0
6164	64	0
6165	63	0
6166	63	0
6167	63	0
6168	63	0
6169	63	0
6170	63	0
6171	63	0
6172	63	0
6173	63	0
6174	63	0
6175	63	0
6176	63	0
6177	63	0
6178	63	0
6179	63	0
6180	65	0
6181	63	0
6182	63	0
6183	63	0
6184	63	0
6185	63	0
6186	63	0
6187	63	0
6188	63	0
6189	65	0
6190	63	0
6191	63	0
6192	63	0
6193	63	0
6194	63	0
6195	63	0
6196	63	0
6197	63	0
6198	64	0
6199	63	0
6200	63	0
6201	63	0
6202	63	0
6203	63	0
6204	63	0
6205	65	0
6206	63	0
6207	65	0
6208	63	0
6209	63	0
6210	63	0
6211	64	0
6212	63	0
6213	63	0
6214	63	0
6215	63	0
6216	63	0
6217	63	0
6218	63	0
6219	63	0
6220	63	0
6221	63	0
6222	63	0
6223	63	0
6224	63	0
6225	63	0
6226	63	0
6227	63	0
6228	63	0
6229	64	0
6230	63	0
6231	63	0
6232	63	0
6233	63	0
6234	63	0
6235	63	0
6236	63	0
6237	63	0
6238	63	0
6239	63	0
6240	63	0
6241	63	0
6242	63	0
6243	63	0
6244	63	0
6245	63	0
6246	64	0
6247	65	0
6248	63	0
6249	63	0
6250	63	0
6251	63	0
6252	63	0
6253	65	0
6254	63	0
6255	63	0
6256	63	0
6257	63	0
6258	63	0
6259	63	0
6260	65	0
6261	63	0
6262	63	0
6263	63	0
6264	63	0
6265	63	0
6266	63	0
6267	63	0
6268	63	0
6269	63	0
6270	63	0
6271	63	0
6272	63	0
6273	63	0
6274	63	0
6275	63	0
6276	63	0
6277	64	0
6278	63	0
6279	65	0
6280	63	0
6281	63	0
6282	63	0
6283	63	0
6284	63	0
6285	63	0
6286	63	0
6287	63	0
6288	63	0
6289	63	0
6290	63	0
6291	63	0
6292	63	0
6293	63	0
6294	63	0
6295	63	0
6296	63	0
6297	63	0
6298	63	0
6299	64	0
6300	63	0
6301	63	0
6302	64	0
6303	63	0
6304	63	0
6305	63	0
6306	63	0
6307	63	0
6308	63	0
6309	63	0
6310	65	0
6311	63	0
6312	65	0
6313	63	0
6314	63	0
6315	63	0
6316	63	0
6317	63	0
6318	63	0
6319	63	0
6320	63	0
6321	63	0
6322	63	0
6323	63	0
6324	63	0
6325	63	0
6326	63	0
6327	63	0
6328	63	0
6329	63	0
6330	63	0
6331	63	0
6332	63	0
6333	64	0
6334	63	0
6335	63	0
6336	62	0
6337	63	0
6338	63	0
6339	63	0
6340	63	0
6341	63	0
6342	63	0
6343	63	0
6344	63	0
6345	63	0
6346	63	0
6347	65	0
6348	63	0
6349	63	0
6350	63	0
6351	63	0
6352	63	0
6353	63	0
6354	63	0
6355	63	0
6356	63	0
6357	63	0
6358	63	0
6359	63	0
6360	65	0
6361	63	0
6362	63	0
6363	63	0
6364	63	0
6365	63	0
6366	63	0
6367	63	0
6368	63	0
6369	63	0
6370	65	0
6371	63	0
6372	63	0
6373	63	0
6374	63	0
6375	64	0
6376	63	0
6377	63	0
6378	63	0
6379	63	0
6380	63	0
6381	63	0
6382	63	0
6383	63	0
6384	63	0
6385	63	0
6386	63	0
6387	63	0
6388	63	0
6389	63	0
6390	63	0
6391	63	0
6392	63	0
6393	63	0
6394	63	0
6395	63	0
6396	63	0
6397	63	0
6398	63	0
6399	63	0
6400	63	0
6401	63	0
6402	63	0
6403	64	0
6404	63	0
6405	63	0
6406	63	0
6407	63	0
6408	63	0
6409	63	0
6410	63	0
6411	63	0
6412	63	0
6413	63	0
6414	63	0
6415	64	0
6416	63	0
6417	64	0
6418	63	0
6419	63	0
6420	63	0
6421	63	0
6422	63	0
6423	63	0
6424	65	0
6425	65	0
6426	63	0
6427	63	0
6428	65	0
6429	63	0
6430	64	0
6431	65	0
6432	63	0
6433	63	0
6434	63	0
6435	64	0
6436	63	0
6437	63	0
6438	63	0
6439	63	0
6440	64	0
6441	63	0
6442	63	0
6443	63	0
6444	65	0
6445	63	0
6446	63	0
6447	63	0
6448	63	0
6449	63	0
6450	63	0
6451	63	0
6452	63	0
6453	63	0
6454	65	0
6455	64	0
6456	63	0
6457	63	0
6458	64	0
6459	64	0
6460	63	0
6461	63	0
6462	63	0
6463	63	0
6464	63	0
6465	63	0
6466	64	0
6467	63	0
6468	63	0
6469	63	0
6470	63	0
6471	63	0
6472	63	0
6473	63	0
6474	63	0
6475	64	0
6476	63	0
6477	63	0
6478	63	0
6479	63	0
6480	63	0
6481	63	0
6482	63	0
6483	63	0
6484	63	0
6485	63	0
6486	63	0
6487	63	0
6488	63	0
6489	63	0
6490	63	0
6491	63	0
6492	63	0
6493	63	0
6494	63	0
6495	63	0
6496	63	0
6497	64	0
6498	63	0
6499	63	0
6500	63	0
6501	63	0
6502	63	0
6503	63	0
6504	63	0
6505	63	0
6506	63	0
6507	63	0
6508	63	0
6509	63	0
6510	63	0
6511	64	0
6512	63	0
6513	63	0
6514	63	0
6515	63	0
6516	63	0
6517	63	0
6518	63	0
6519	63	0
6520	63	0
6521	64	0
6522	63	0
6523	65	0
6524	63	0
6525	63	0
6526	63	0
6527	63	0
6528	63	0
6529	63	0
6530	63	0
6531	63	0
6532	63	0
6533	63	0
6534	63	0
6535	63	0
6536	63	0
6537	63	0
6538	64	0
6539	63	0
6540	63	0
6541	63	0
6542	63	0
6543	63	0
6544	63	0
6545	63	0
6546	64	0
6547	63	0
6548	63	0
6549	63	0
6550	63	0
6551	63	0
6552	63	0
6553	63	0
6554	63	0
6555	63	0
6556	63	0
6557	63	0
6558	64	0
6559	62	0
6560	63	0
6561	191	1
6562	191	1
6563	191	1
6564	191	1
6565	191	1
6566	191	1
6567	191	1
6568	191	1
6569	191	1
6570	191	1
6571	191	1
6572	191	1
6573	191	1
6574	191	1
6575	191	1
6576	191	1
6577	191	1
6578	191	1
6579	191	1
6580	191	1
6581	191	1
6582	191	1
6583	191	1
6584	191	1
6585	191	1
6586	191	1
6587	191	1
6588	191	1
6589	191	1
6590	191	1
6591	191	1
6592	191	1
6593	191	1
6594	191	1
6595	191	1
6596	191	1
6597	191	1
6598	191	1
6599	191	1
6600	191	1
6601	191	1
6602	191	1
6603	191	1
6604	191	1
6605	191	1
6606	191	1
6607	191	1
6608	191	1
6609	191	1
6610	191	1
6611	191	1
6612	191	1
6613	191	1
6614	191	1
6615	191	1
6616	191	1
6617	191	1
6618	191	1
6619	191	1
6620	191	1
6621	191	1
6622	191	1
6623	191	1
6624	191	1
6625	191	1
6626	191	1
6627	191	1
6628	191	1
6629	191	1
6630	191	1
6631	191	1
6632	191	1
6633	191	1
6634	191	1
6635	191	1
6636	191	1
6637	191	1
6638	191	1
6639	191	1
6640	191	1
6641	63	0
6642	63	0
6643	63	0
6644	63	0
6645	63	0
6646	63	0
6647	63	0
6648	63	0
6649	63	0
6650	63	0
6651	63	0
6652	64	0
6653	63	0
6654	63	0
6655	63	0
6656	63	0
6657	63	0
6658	63	0
6659	63	0
6660	63	0
6661	63	0
6662	63	0
6663	63	0
6664	63	0
6665	63	0
6666	63	0
6667	64	0
6668	63	0
6669	63	0
6670	63	0
6671	63	0
6672	63	0
6673	63	0
6674	63	0
6675	63	0
6676	63	0
6677	63	0
6678	63	0
6679	63	0
6680	63	0
6681	64	0
6682	63	0
6683	63	0
6684	63	0
6685	65	0
6686	63	0
6687	63	0
6688	64	0
6689	63	0
6690	63	0
6691	63	0
6692	63	0
6693	63	0
6694	63	0
6695	63	0
6696	63	0
6697	63	0
6698	63	0
6699	63	0
6700	63	0
6701	63	0
6702	63	0
6703	63	0
6704	63	0
6705	63	0
6706	63	0
6707	63	0
6708	63	0
6709	63	0
6710	63	0
6711	63	0
6712	63	0
6713	63	0
6714	63	0
6715	63	0
6716	63	0
6717	64	0
6718	63	0
6719	63	0
6720	63	0
6721	63	0
6722	63	0
6723	63	0
6724	63	0
6725	63	0
6726	63	0
6727	63	0
6728	63	0
6729	63	0
6730	63	0
6731	63	0
6732	64	0
6733	63	0
6734	63	0
6735	63	0
6736	63	0
6737	63	0
6738	63	0
6739	63	0
6740	63	0
6741	63	0
6742	63	0
6743	63	0
6744	63	0
6745	63	0
6746	63	0
6747	63	0
6748	63	0
6749	63	0
6750	65	0
6751	63	0
6752	63	0
6753	63	0
6754	63	0
6755	63	0
6756	63	0
6757	63	0
6758	63	0
6759	63	0
6760	63	0
6761	63	0
6762	63	0
6763	63	0
6764	64	0
6765	63	0
6766	63	0
6767	64	0
6768	63	0
6769	63	0
6770	65	0
6771	63	0
6772	64	0
6773	63	0
6774	63	0
6775	63	0
6776	63	0
6777	63	0
6778	63	0
6779	63	0
6780	63	0
6781	63	0
6782	63	0
6783	63	0
6784	63	0
6785	63	0
6786	63	0
6787	63	0
6788	63	0
6789	63	0
6790	63	0
6791	63	0
6792	63	0
6793	63	0
6794	64	0
6795	63	0
6796	63	0
6797	63	0
6798	63	0
6799	63	0
6800	63	0
6801	63	0
6802	63	0
6803	63	0
6804	63	0
6805	63	0
6806	63	0
6807	63	0
6808	64	0
6809	63	0
6810	63	0
6811	63	0
6812	63	0
6813	63	0
6814	63	0
6815	63	0
6816	63	0
6817	65	0
6818	63	0
6819	63	0
6820	63	0
6821	63	0
6822	63	0
6823	63	0
6824	63	0
6825	63	0
6826	63	0
6827	63	0
6828	63	0
6829	63	0
6830	63	0
6831	64	0
6832	63	0
6833	63	0
6834	63	0
6835	63	0
6836	63	0
6837	63	0
6838	64	0
6839	63	0
6840	63	0
6841	63	0
6842	65	0
6843	63	0
6844	64	0
6845	64	0
6846	63	0
6847	63	0
6848	63	0
6849	63	0
6850	63	0
6851	63	0
6852	63	0
6853	63	0
6854	64	0
6855	63	0
6856	63	0
6857	63	0
6858	63	0
6859	63	0
6860	63	0
6861	63	0
6862	63	0
6863	63	0
6864	63	0
6865	63	0
6866	63	0
6867	63	0
6868	63	0
6869	63	0
6870	63	0
6871	63	0
6872	63	0
6873	63	0
6874	63	0
6875	63	0
6876	63	0
6877	63	0
6878	63	0
6879	63	0
6880	63	0
6881	63	0
6882	62	0
6883	63	0
6884	63	0
6885	63	0
6886	63	0
6887	63	0
6888	63	0
6889	63	0
6890	63	0
6891	63	0
6892	63	0
6893	63	0
6894	63	0
6895	63	0
6896	63	0
6897	63	0
6898	63	0
6899	63	0
6900	63	0
6901	63	0
6902	63	0
6903	63	0
6904	63	0
6905	63	0
6906	63	0
6907	63	0
6908	63	0
6909	64	0
6910	63	0
6911	63	0
6912	63	0
6913	63	0
6914	63	0
6915	63	0
6916	63	0
6917	63	0
6918	63	0
6919	63	0
6920	63	0
6921	63	0
6922	63	0
6923	63	0
6924	63	0
6925	63	0
6926	63	0
6927	63	0
6928	63	0
6929	63	0
6930	63	0
6931	63	0
6932	63	0
6933	63	0
6934	63	0
6935	63	0
6936	63	0
6937	63	0
6938	63	0
6939	63	0
6940	63	0
6941	63	0
6942	63	0
6943	63	0
6944	63	0
6945	63	0
6946	63	0
6947	63	0
6948	63	0
6949	63	0
6950	63	0
6951	63	0
6952	63	0
6953	63	0
6954	63	0
6955	63	0
6956	64	0
6957	63	0
6958	63	0
6959	63	0
6960	63	0
6961	63	0
6962	63	0
6963	64	0
6964	63	0
6965	63	0
6966	63	0
6967	63	0
6968	63	0
6969	63	0
6970	63	0
6971	63	0
6972	63	0
6973	63	0
6974	63	0
6975	63	0
6976	63	0
6977	63	0
6978	65	0
6979	63	0
6980	63	0
6981	63	0
6982	63	0
6983	63	0
6984	63	0
6985	63	0
6986	63	0
6987	63	0
6988	63	0
6989	63	0
6990	63	0
6991	63	0
6992	63	0
6993	63	0
6994	63	0
6995	63	0
6996	63	0
6997	63	0
6998	63	0
6999	63	0
7000	64	0
7001	63	0
7002	63	0
7003	63	0
7004	63	0
7005	63	0
7006	65	0
7007	63	0
7008	63	0
7009	63	0
7010	63	0
7011	63	0
7012	63	0
7013	63	0
7014	63	0
7015	63	0
7016	63	0
7017	63	0
7018	65	0
7019	63	0
7020	63	0
7021	64	0
7022	63	0
7023	63	0
7024	63	0
7025	63	0
7026	64	0
7027	63	0
7028	64	0
7029	63	0
7030	63	0
7031	63	0
7032	64	0
7033	63	0
7034	64	0
7035	63	0
7036	63	0
7037	63	0
7038	63	0
7039	63	0
7040	63	0
7041	63	0
7042	63	0
7043	63	0
7044	64	0
7045	63	0
7046	63	0
7047	63	0
7048	63	0
7049	63	0
7050	63	0
7051	63	0
7052	63	0
7053	63	0
7054	63	0
7055	63	0
7056	63	0
7057	63	0
7058	63	0
7059	63	0
7060	65	0
7061	63	0
7062	63	0
7063	63	0
7064	63	0
7065	63	0
7066	63	0
7067	63	0
7068	63	0
7069	63	0
7070	63	0
7071	63	0
7072	63	0
7073	63	0
7074	63	0
7075	63	0
7076	63	0
7077	63	0
7078	63	0
7079	63	0
7080	63	0
7081	63	0
7082	63	0
7083	63	0
7084	63	0
7085	63	0
7086	63	0
7087	63	0
7088	63	0
7089	63	0
7090	63	0
7091	63	0
7092	63	0
7093	63	0
7094	63	0
7095	65	0
7096	63	0
7097	64	0
7098	63	0
7099	63	0
7100	63	0
7101	63	0
7102	64	0
7103	63	0
7104	63	0
7105	65	0
7106	63	0
7107	64	0
7108	63	0
7109	63	0
7110	63	0
7111	63	0
7112	63	0
7113	63	0
7114	63	0
7115	63	0
7116	63	0
7117	63	0
7118	63	0
7119	63	0
7120	63	0
7121	64	0
7122	63	0
7123	63	0
7124	65	0
7125	63	0
7126	64	0
7127	63	0
7128	65	0
7129	63	0
7130	63	0
7131	63	0
7132	63	0
7133	63	0
7134	63	0
7135	63	0
7136	63	0
7137	63	0
7138	63	0
7139	63	0
7140	63	0
7141	63	0
7142	63	0
7143	63	0
7144	63	0
7145	63	0
7146	63	0
7147	63	0
7148	63	0
7149	63	0
7150	63	0
7151	63	0
7152	63	0
7153	63	0
7154	63	0
7155	63	0
7156	64	0
7157	63	0
7158	63	0
7159	63	0
7160	63	0
7161	63	0
7162	64	0
7163	63	0
7164	63	0
7165	63	0
7166	63	0
7167	63	0
7168	63	0
7169	64	0
7170	63	0
7171	63	0
7172	62	0
7173	63	0
7174	63	0
7175	63	0
7176	63	0
7177	63	0
7178	63	0
7179	63	0
7180	63	0
7181	63	0
7182	63	0
7183	63	0
7184	63	0
7185	65	0
7186	63	0
7187	63	0
7188	63	0
7189	63	0
7190	65	0
7191	63	0
7192	63	0
7193	63	0
7194	63	0
7195	63	0
7196	63	0
7197	63	0
7198	63	0
7199	63	0
7200	63	0
7201	191	1
7202	191	1
7203	191	1
7204	191	1
7205	191	1
7206	191	1
7207	191	1
7208	191	1
7209	191	1
7210	190	1
7211	191	1
7212	191	1
7213	191	1
7214	191	1
7215	191	1
7216	191	1
7217	191	1
7218	191	1
7219	191	1
7220	191	1
7221	191	1
7222	191	1
7223	191	1
7224	191	1
7225	191	1
7226	191	1
7227	191	1
7228	191	1
7229	191	1
7230	191	1
7231	191	1
7232	191	1
7233	191	1
7234	191	1
7235	191	1
7236	191	1
7237	191	1
7238	191	1
7239	191	1
7240	191	1
7241	191	1
7242	191	1
7243	191	1
7244	191	1
7245	191	1
7246	191	1
7247	191	1
7248	191	1
7249	191	1
7250	191	1
7251	191	1
7252	191	1
7253	191	1
7254	191	1
7255	191	1
7256	191	1
7257	191	1
7258	191	1
7259	191	1
7260	191	1
7261	191	1
7262	191	1
7263	191	1
7264	191	1
7265	191	1
7266	191	1
7267	191	1
7268	191	1
7269	191	1
7270	191	1
7271	191	1
7272	191	1
7273	191	1
7274	191	1
7275	191	1
7276	191	1
7277	191	1
7278	191	1
7279	191	1
7280	191	1
7281	63	0
7282	63	0
7283	63	0
7284	63	0
7285	63	0
7286	63	0
7287	63	0
7288	63	0
7289	63	0
7290	63	0
7291	63	0
7292	63	0
7293	63	0
7294	63	0
7295	63	0
7296	63	0
7297	63	0
7298	63	0
7299	63	0
7300	63	0
7301	63	0
7302	63	0
7303	63	0
7304	63	0
7305	63	0
7306	63	0
7307	63	0
7308	63	0
7309	63	0
7310	63	0
7311	63	0
7312	63	0
7313	63	0
7314	63	0
7315	63	0
7316	63	0
7317	64	0
7318	63	0
7319	63	0
7320	63	0
7321	63	0
7322	63	0
7323	63	0
7324	63	0
7325	63	0
7326	63	0
7327	63	0
7328	63	0
7329	63	0
7330	63	0
7331	63	0
7332	63	0
7333	63	0
7334	63	0
7335	63	0
7336	63	0
7337	63	0
7338	63	0
7339	63	0
7340	63	0
7341	63	0
7342	63	0
7343	63	0
7344	63	0
7345	63	0
7346	63	0
7347	63	0
7348	63	0
7349	63	0
7350	63	0
7351	63	0
7352	63	0
7353	63	0
7354	63	0
7355	63	0
7356	63	0
7357	64	0
7358	63	0
7359	63	0
7360	63	0
7361	64	0
7362	63	0
7363	63	0
7364	63	0
7365	65	0
7366	63	0
7367	63	0
7368	63	0
7369	63	0
7370	64	0
7371	63	0
7372	63	0
7373	63	0
7374	63	0
7375	63	0
7376	63	0
7377	63	0
7378	63	0
7379	63	0
7380	63	0
7381	63	0
7382	63	0
7383	63	0
7384	63	0
7385	63	0
7386	63	0
7387	63	0
7388	63	0
7389	63	0
7390	63	0
7391	63	0
7392	63	0
7393	63	0
7394	63	0
7395	63	0
7396	63	0
7397	63	0
7398	63	0
7399	63	0
7400	63	0
7401	63	0
7402	63	0
7403	63	0
7404	63	0
7405	63	0
7406	63	0
7407	63	0
7408	63	0
7409	63	0
7410	63	0
7411	63	0
7412	63	0
7413	65	0
7414	63	0
7415	63	0
7416	63	0
7417	63	0
7418	63	0
7419	63	0
7420	63	0
7421	63	0
7422	63	0
7423	64	0
7424	63	0
7425	63	0
7426	63	0
7427	64	0
7428	63	0
7429	63	0
7430	63	0
7431	63	0
7432	63	0
7433	65	0
7434	63	0
7435	64	0
7436	63	0
7437	63	0
7438	63	0
7439	64	0
7440	63	0
7441	63	0
7442	63	0
7443	63	0
7444	63	0
7445	63	0
7446	63	0
7447	63	0
7448	63	0
7449	63	0
7450	63	0
7451	63	0
7452	63	0
7453	63	0
7454	63	0
7455	63	0
7456	63	0
7457	63	0
7458	63	0
7459	63	0
7460	63	0
7461	63	0
7462	64	0
7463	63	0
7464	63	0
7465	63	0
7466	62	0
7467	63	0
7468	63	0
7469	63	0
7470	63	0
7471	63	0
7472	63	0
7473	63	0
7474	63	0
7475	63	0
7476	63	0
7477	63	0
7478	63	0
7479	63	0
7480	63	0
7481	63	0
7482	63	0
7483	63	0
7484	63	0
7485	63	0
7486	63	0
7487	63	0
7488	63	0
7489	63	0
7490	63	0
7491	63	0
7492	63	0
7493	63	0
7494	63	0
7495	63	0
7496	63	0
7497	65	0
7498	63	0
7499	63	0
7500	63	0
7501	63	0
7502	63	0
7503	62	0
7504	63	0
7505	63	0
7506	63	0
7507	63	0
7508	63	0
7509	63	0
7510	63	0
7511	63	0
7512	63	0
7513	63	0
7514	63	0
7515	64	0
7516	63	0
7517	63	0
7518	63	0
7519	63	0
7520	63	0
7521	63	0
7522	63	0
7523	63	0
7524	63	0
7525	65	0
7526	63	0
7527	63	0
7528	63	0
7529	63	0
7530	63	0
7531	65	0
7532	64	0
7533	63	0
7534	63	0
7535	63	0
7536	63	0
7537	63	0
7538	65	0
7539	63	0
7540	63	0
7541	63	0
7542	63	0
7543	63	0
7544	63	0
7545	63	0
7546	63	0
7547	63	0
7548	63	0
7549	63	0
7550	63	0
7551	63	0
7552	64	0
7553	64	0
7554	63	0
7555	64	0
7556	63	0
7557	65	0
7558	63	0
7559	63	0
7560	63	0
7561	64	0
7562	63	0
7563	63	0
7564	63	0
7565	63	0
7566	63	0
7567	63	0
7568	63	0
7569	63	0
7570	63	0
7571	63	0
7572	64	0
7573	62	0
7574	63	0
7575	63	0
7576	63	0
7577	63	0
7578	63	0
7579	63	0
7580	63	0
7581	63	0
7582	64	0
7583	63	0
7584	63	0
7585	63	0
7586	63	0
7587	63	0
7588	63	0
7589	63	0
7590	63	0
7591	63	0
7592	65	0
7593	63	0
7594	63	0
7595	63	0
7596	63	0
7597	63	0
7598	63	0
7599	63	0
7600	63	0
7601	63	0
7602	63	0
7603	63	0
7604	64	0
7605	64	0
7606	63	0
7607	63	0
7608	63	0
7609	64	0
7610	63	0
7611	63	0
7612	63	0
7613	63	0
7614	63	0
7615	63	0
7616	63	0
7617	63	0
7618	63	0
7619	63	0
7620	63	0
7621	63	0
7622	63	0
7623	63	0
7624	63	0
7625	63	0
7626	63	0
7627	63	0
7628	65	0
7629	63	0
7630	63	0
7631	63	0
7632	63	0
7633	63	0
7634	63	0
7635	63	0
7636	65	0
7637	63	0
7638	63	0
7639	63	0
7640	63	0
7641	63	0
7642	63	0
7643	63	0
7644	63	0
7645	63	0
7646	64	0
7647	63	0
7648	63	0
7649	63	0
7650	63	0
7651	63	0
7652	63	0
7653	63	0
7654	63	0
7655	63	0
7656	64	0
7657	64	0
7658	63	0
7659	63	0
7660	64	0
7661	63	0
7662	63	0
7663	63	0
7664	63	0
7665	63	0
7666	63	0
7667	63	0
7668	63	0
7669	63	0
7670	64	0
7671	63	0
7672	63	0
7673	63	0
7674	63	0
7675	63	0
7676	63	0
7677	63	0
7678	63	0
7679	63	0
7680	63	0
7681	63	0
7682	63	0
7683	63	0
7684	63	0
7685	63	0
7686	64	0
7687	63	0
7688	63	0
7689	63	0
7690	63	0
7691	63	0
7692	63	0
7693	63	0
7694	63	0
7695	63	0
7696	63	0
7697	63	0
7698	63	0
7699	63	0
7700	63	0
7701	63	0
7702	63	0
7703	63	0
7704	63	0
7705	63	0
7706	63	0
7707	64	0
7708	63	0
7709	64	0
7710	63	0
7711	63	0
7712	63	0
7713	63	0
7714	63	0
7715	63	0
7716	63	0
7717	63	0
7718	63	0
7719	63	0
7720	63	0
7721	63	0
7722	63	0
7723	63	0
7724	63	0
7725	63	0
7726	63	0
7727	63	0
7728	63	0
7729	63	0
7730	63	0
7731	63	0
7732	63	0
7733	63	0
7734	63	0
7735	63	0
7736	63	0
7737	63	0
7738	63	0
7739	63	0
7740	63	0
7741	64	0
7742	63	0
7743	63	0
7744	63	0
7745	64	0
7746	63	0
7747	63	0
7748	63	0
7749	63	0
7750	63	0
7751	63	0
7752	63	0
7753	63	0
7754	64	0
7755	63	0
7756	64	0
7757	63	0
7758	63	0
7759	63	0
7760	65	0
7761	63	0
7762	64	0
7763	63	0
7764	63	0
7765	63	0
7766	63	0
7767	63	0
7768	63	0
7769	63	0
7770	65	0
7771	63	0
7772	63	0
7773	63	0
7774	63	0
7775	63	0
7776	63	0
7777	63	0
7778	63	0
7779	63	0
7780	64	0
7781	63	0
7782	63	0
7783	63	0
7784	63	0
7785	64	0
7786	63	0
7787	63	0
7788	63	0
7789	63	0
7790	62	0
7791	63	0
7792	64	0
7793	63	0
7794	64	0
7795	63	0
7796	63	0
7797	63	0
7798	63	0
7799	63	0
7800	63	0
7801	63	0
7802	63	0
7803	63	0
7804	65	0
7805	63	0
7806	63	0
7807	63	0
7808	63	0
7809	63	0
7810	63	0
7811	63	0
7812	63	0
7813	63	0
7814	64	0
7815	63	0
7816	63	0
7817	63	0
7818	63	0
7819	63	0
7820	63	0
7821	63	0
7822	64	0
7823	63	0
7824	63	0
7825	63	0
7826	63	0
7827	64	0
7828	63	0
7829	63	0
7830	63	0
7831	63	0
7832	63	0
7833	63	0
7834	63	0
7835	63	0
7836	63	0
7837	63	0
7838	64	0
7839	63	0
7840	62	0
7841	191	1
7842	191	1
7843	191	1
7844	191	1
7845	191	1
7846	191	1
7847	191	1
7848	191	1
7849	191	1
7850	191	1
7851	191	1
7852	191	1
7853	191	1
7854	191	1
7855	191	1
7856	191	1
7857	191	1
7858	191	1
7859	191	1
7860	191	1
7861	191	1
7862	191	1
7863	191	1
7864	191	1
7865	191	1
7866	191	1
7867	191	1
7868	191	1
7869	191	1
7870	191	1
7871	191	1
7872	191	1
7873	191	1
7874	191	1
7875	191	1
7876	191	1
7877	191	1
7878	191	1
7879	191	1
7880	191	1
7881	191	1
7882	191	1
7883	191	1
7884	191	1
7885	191	1
7886	191	1
7887	191	1
7888	191	1
7889	191	1
7890	191	1
7891	191	1
7892	191	1
7893	191	1
7894	191	1
7895	191	1
7896	191	1
7897	191	1
7898	191	1
7899	191	1
7900	191	1
7901	191	1
7902	191	1
7903	191	1
7904	191	1
7905	191	1
7906	191	1
7907	191	1
7908	191	1
7909	191	1
7910	191	1
7911	191	1
7912	191	1
7913	191	1
7914	191	1
7915	191	1
7916	191	1
7917	191	1
7918	191	1
7919	191	1
7920	191	1
7921	63	0
7922	63	0
7923	63	0
7924	63	0
7925	63	0
7926	63	0
7927	63	0
7928	63	0
7929	63	0
7930	63	0
7931	64	0
7932	63	0
7933	63	0
7934	63	0
7935	63	0
7936	63	0
7937	63	0
7938	63	0
7939	63	0
7940	63	0
7941	63	0
7942	63	0
7943	63	0
7944	63	0
7945	63	0
7946	63	0
7947	63	0
7948	63	0
7949	63	0
7950	64	0
7951	63	0
7952	63	0
7953	63	0
7954	63	0
7955	65	0
7956	64	0
7957	63	0
7958	63	0
7959	63	0
7960	63	0
7961	63	0
7962	63	0
7963	63	0
7964	63	0
7965	63	0
7966	63	0
7967	63	0
7968	63	0
7969	65	0
7970	63	0
7971	63	0
7972	63	0
7973	63	0
7974	63	0
7975	63	0
7976	64	0
7977	63	0
7978	63	0
7979	63	0
7980	63	0
7981	63	0
7982	63	0
7983	63	0
7984	63	0
7985	63	0
7986	63	0
7987	63	0
7988	63	0
7989	63	0
7990	65	0
7991	65	0
7992	63	0
7993	64	0
7994	63	0
7995	63	0
7996	63	0
7997	63	0
7998	63	0
7999	63	0
