Oscilloscope data. 
Time step = 80,00 nS
Voltage step = 31,25 mV
Zero level = 95

N 	Min. 	Max.	T min 	T max.

0	97	97	0	0
1	97	97	0	0
2	97	97	0	0
3	97	98	0	0
4	97	98	0	0
5	97	97	0	0
6	97	98	0	0
7	97	98	0	0
8	97	98	0	0
9	97	98	0	0
10	97	98	0	0
11	97	98	0	0
12	97	98	0	0
13	98	99	0	0
14	98	99	0	0
15	98	99	0	0
16	98	99	0	0
17	98	99	0	0
18	98	99	0	0
19	98	99	0	0
20	99	99	0	0
21	99	100	0	0
22	99	100	0	0
23	99	100	0	0
24	99	99	0	0
25	99	100	0	0
26	99	100	0	0
27	99	100	0	0
28	99	100	0	0
29	99	100	0	0
30	100	100	0	0
31	100	100	0	0
32	100	101	0	0
33	100	101	0	0
34	100	101	0	0
35	100	101	0	0
36	100	101	0	0
37	101	101	0	0
38	101	101	0	0
39	101	101	0	0
40	101	101	0	0
41	101	102	0	0
42	101	102	0	0
43	101	102	0	0
44	102	102	0	0
45	102	102	0	0
46	102	102	0	0
47	102	103	0	0
48	102	103	0	0
49	102	103	0	0
50	103	103	0	0
51	102	103	0	0
52	103	103	0	0
53	103	103	0	0
54	103	104	0	0
55	103	104	0	0
56	103	104	0	0
57	103	104	0	0
58	104	105	0	0
59	104	104	0	0
60	104	105	0	0
61	104	105	0	0
62	104	105	0	0
63	104	105	0	0
64	105	105	0	0
65	105	105	0	0
66	105	106	0	0
67	105	105	0	0
68	105	106	0	0
69	106	107	0	0
70	106	106	0	0
71	106	107	0	0
72	106	107	0	0
73	106	107	0	0
74	107	107	0	0
75	107	107	0	0
76	107	107	0	0
77	107	108	0	0
78	107	108	0	0
79	107	108	0	0
80	108	109	0	0
81	108	108	0	0
82	108	109	0	0
83	108	109	0	0
84	108	109	0	0
85	109	109	0	0
86	109	109	0	0
87	109	110	0	0
88	109	110	0	0
89	110	110	0	0
90	110	110	0	0
91	110	110	0	0
92	110	110	0	0
93	110	111	0	0
94	110	111	0	0
95	110	111	0	0
96	111	111	0	0
97	111	111	0	0
98	111	112	0	0
99	111	112	0	0
100	111	113	0	0
101	112	113	0	0
102	112	112	0	0
103	112	113	0	0
104	112	113	0	0
105	112	113	0	0
106	113	113	0	0
107	113	114	0	0
108	113	114	0	0
109	113	114	0	0
110	114	114	0	0
111	114	115	0	0
112	114	115	0	0
113	114	115	0	0
114	115	115	0	0
115	115	116	0	0
116	115	116	0	0
117	115	116	0	0
118	116	116	0	0
119	116	116	0	0
120	116	117	0	0
121	116	117	0	0
122	116	117	0	0
123	117	117	0	0
124	117	117	0	0
125	117	117	0	0
126	117	118	0	0
127	117	118	0	0
128	118	119	0	0
129	118	119	0	0
130	118	119	0	0
131	119	119	0	0
132	119	119	0	0
133	119	119	0	0
134	119	120	0	0
135	119	120	0	0
136	119	121	0	0
137	120	121	0	0
138	120	121	0	0
139	120	121	0	0
140	120	121	0	0
141	120	121	0	0
142	121	122	0	0
143	121	122	0	0
144	121	122	0	0
145	122	122	0	0
146	122	123	0	0
147	123	123	0	0
148	122	123	0	0
149	123	123	0	0
150	123	124	0	0
151	123	124	0	0
152	123	124	0	0
153	124	124	0	0
154	124	125	0	0
155	124	125	0	0
156	125	125	0	0
157	125	125	0	0
158	125	126	0	0
159	125	126	0	0
160	125	126	0	0
161	125	126	0	0
162	126	126	0	0
163	126	127	0	0
164	126	127	0	0
165	127	127	0	0
166	127	129	0	0
167	127	129	0	0
168	127	129	0	0
169	127	129	0	0
170	128	129	0	0
171	128	128	0	0
172	128	129	0	0
173	128	129	0	0
174	129	129	0	0
175	129	129	0	0
176	129	130	0	0
177	129	130	0	0
178	129	131	0	0
179	130	130	0	0
180	130	131	0	0
181	130	131	0	0
182	131	131	0	0
183	131	132	0	0
184	131	131	0	0
185	131	132	0	0
186	131	132	0	0
187	132	133	0	0
188	132	132	0	0
189	132	133	0	0
190	133	133	0	0
191	133	133	0	0
192	133	133	0	0
193	133	134	0	0
194	133	134	0	0
195	134	134	0	0
196	134	134	0	0
197	134	135	0	0
198	134	135	0	0
199	135	135	0	0
200	135	135	0	0
201	135	136	0	0
202	135	136	0	0
203	135	136	0	0
204	136	137	0	0
205	136	136	0	0
206	136	137	0	0
207	136	137	0	0
208	137	137	0	0
209	137	138	0	0
210	137	138	0	0
211	137	138	0	0
212	137	139	0	0
213	138	139	0	0
214	139	139	0	0
215	138	139	0	0
216	139	139	0	0
217	139	140	0	0
218	139	140	0	0
219	140	140	0	0
220	140	140	0	0
221	140	141	0	0
222	140	141	0	0
223	140	141	0	0
224	141	141	0	0
225	141	142	0	0
226	141	142	0	0
227	141	142	0	0
228	142	142	0	0
229	142	142	0	0
230	142	143	0	0
231	142	143	0	0
232	142	143	0	0
233	143	143	0	0
234	143	144	0	0
235	143	144	0	0
236	143	144	0	0
237	143	144	0	0
238	144	145	0	0
239	144	145	0	0
240	144	145	0	0
241	144	145	0	0
242	144	146	0	0
243	145	146	0	0
244	145	146	0	0
245	146	147	0	0
246	145	147	0	0
247	146	147	0	0
248	147	147	0	0
249	147	147	0	0
250	147	147	0	1
251	147	148	1	1
252	147	148	1	1
253	147	148	1	1
254	148	149	1	1
255	148	149	1	1
256	148	149	1	1
257	148	149	1	1
258	149	149	1	1
259	149	150	1	1
260	149	150	1	1
261	149	150	1	1
262	150	150	1	1
263	149	151	1	1
264	150	151	1	1
265	150	151	1	1
266	150	151	1	1
267	150	151	1	1
268	150	151	1	1
269	151	151	1	1
270	151	151	1	1
271	151	153	1	1
272	152	153	1	1
273	152	152	1	1
274	152	152	1	1
275	151	153	1	1
276	152	153	1	1
277	152	153	1	1
278	153	153	1	1
279	153	153	1	1
280	153	154	1	1
281	153	154	1	1
282	153	154	1	1
283	153	154	1	1
284	154	154	1	1
285	154	155	1	1
286	154	155	1	1
287	154	155	1	1
288	154	155	1	1
289	155	155	1	1
290	155	155	1	1
291	155	155	1	1
292	155	156	1	1
293	155	156	1	1
294	156	156	1	1
295	156	156	1	1
296	156	157	1	1
297	156	157	1	1
298	156	157	1	1
299	157	157	1	1
300	157	157	1	1
301	157	158	1	1
302	157	158	1	1
303	157	158	1	1
304	158	158	1	1
305	158	158	1	1
306	158	158	1	1
307	158	158	1	1
308	158	159	1	1
309	158	159	1	1
310	158	159	1	1
311	159	159	1	1
312	159	160	1	1
313	159	160	1	1
314	159	160	1	1
315	159	161	1	1
316	159	161	1	1
317	159	161	1	1
318	160	161	1	1
319	160	161	1	1
320	160	161	1	1
321	160	161	1	1
322	160	161	1	1
323	160	161	1	1
324	160	161	1	1
325	161	161	1	1
326	160	161	1	1
327	161	161	1	1
328	161	161	1	1
329	161	161	1	1
330	161	161	1	1
331	161	161	1	1
332	161	162	1	1
333	161	162	1	1
334	161	162	1	1
335	162	162	1	1
336	162	163	1	1
337	162	163	1	1
338	162	163	1	1
339	162	163	1	1
340	162	163	1	1
341	161	163	1	1
342	162	163	1	1
343	163	163	1	1
344	162	163	1	1
345	162	163	1	1
346	163	164	1	1
347	163	163	1	1
348	163	164	1	1
349	163	164	1	1
350	163	164	1	1
351	163	164	1	1
352	163	164	1	1
353	164	164	1	1
354	164	164	1	1
355	164	165	1	1
356	164	164	1	1
357	164	164	1	1
358	164	165	1	1
359	164	165	1	1
360	164	165	1	1
361	164	165	1	1
362	164	165	1	1
363	164	165	1	1
364	164	165	1	1
365	165	165	1	1
366	165	165	1	1
367	165	165	1	1
368	165	165	1	1
369	165	166	1	1
370	165	165	1	1
371	165	165	1	1
372	165	165	1	1
373	165	165	1	1
374	165	166	1	1
375	166	166	1	1
376	165	166	1	1
377	165	166	1	1
378	166	166	1	1
379	165	166	1	1
380	166	166	1	1
381	166	166	1	1
382	166	166	1	1
383	165	166	1	1
384	166	166	1	1
385	166	167	1	1
386	166	166	1	1
387	166	166	1	1
388	166	166	1	1
389	166	166	1	1
390	166	166	1	1
391	166	166	1	1
392	166	166	1	1
393	166	167	1	1
394	166	167	1	1
395	166	167	1	1
396	166	167	1	1
397	166	167	1	1
398	166	167	1	1
399	166	167	1	1
400	166	167	1	1
401	166	167	1	1
402	166	167	1	1
403	166	167	1	1
404	166	167	1	1
405	166	167	1	1
406	166	167	1	1
407	166	167	1	1
408	166	167	1	1
409	166	167	1	1
410	166	167	1	1
411	167	167	1	1
412	166	167	1	1
413	166	167	1	1
414	166	167	1	1
415	166	167	1	1
416	166	167	1	1
417	166	167	1	1
418	166	167	1	1
419	167	167	1	1
420	166	167	1	1
421	166	167	1	1
422	166	167	1	1
423	166	167	1	1
424	166	167	1	1
425	166	167	1	1
426	166	167	1	1
427	166	167	1	1
428	166	167	1	1
429	166	167	1	1
430	166	167	1	1
431	166	166	1	1
432	166	166	1	1
433	166	166	1	1
434	166	166	1	1
435	166	166	1	1
436	166	167	1	1
437	166	166	1	1
438	166	166	1	1
439	166	166	1	1
440	165	166	1	1
441	166	166	1	1
442	165	166	1	1
443	166	166	1	1
444	166	166	1	1
445	165	166	1	1
446	165	166	1	1
447	165	166	1	1
448	165	166	1	1
449	165	166	1	1
450	165	166	1	1
451	165	166	1	1
452	165	165	1	1
453	165	165	1	1
454	165	165	1	1
455	165	165	1	1
456	165	165	1	1
457	165	165	1	1
458	165	165	1	1
459	165	165	1	1
460	164	165	1	1
461	164	165	1	1
462	164	165	1	1
463	164	165	1	1
464	164	165	1	1
465	164	165	1	1
466	164	165	1	1
467	164	165	1	1
468	164	165	1	1
469	164	165	1	1
470	163	164	1	1
471	163	164	1	1
472	163	164	1	1
473	163	164	1	1
474	163	164	1	1
475	163	164	1	1
476	163	164	1	1
477	163	163	1	1
478	163	163	1	1
479	163	163	1	1
480	162	163	1	1
481	163	163	1	1
482	162	163	1	1
483	162	163	1	1
484	162	163	1	1
485	162	163	1	1
486	162	163	1	1
487	162	162	1	1
488	161	162	1	1
489	162	163	1	1
490	161	162	1	1
491	161	162	1	1
492	161	162	1	1
493	161	161	1	1
494	161	161	1	1
495	161	161	1	1
496	161	161	1	1
497	161	161	1	1
498	160	161	1	1
499	160	161	1	1
500	160	161	1	1
501	160	161	1	1
502	160	161	1	1
503	160	161	1	1
504	160	161	1	1
505	160	161	1	1
506	160	161	1	1
507	159	161	1	1
508	160	161	1	1
509	159	161	1	1
510	159	161	1	1
511	159	160	1	1
512	159	160	1	1
513	159	160	1	1
514	158	159	1	1
515	158	159	1	1
516	158	159	1	1
517	158	159	1	1
518	158	158	1	1
519	158	158	1	1
520	157	158	1	1
521	157	158	1	1
522	157	158	1	1
523	157	158	1	1
524	157	157	1	1
525	157	157	1	1
526	156	157	1	1
527	157	157	1	1
528	156	157	1	1
529	156	157	1	1
530	156	156	1	1
531	155	156	1	1
532	155	156	1	1
533	155	155	1	1
534	155	155	1	1
535	155	155	1	1
536	155	155	1	1
537	154	155	1	1
538	154	155	1	1
539	154	155	1	1
540	154	155	1	1
541	154	154	1	1
542	153	154	1	1
543	153	154	1	1
544	153	154	1	1
545	153	154	1	1
546	153	153	1	1
547	153	153	1	1
548	151	153	1	1
549	152	153	1	1
550	152	153	1	1
551	151	153	1	1
552	151	152	1	1
553	151	153	1	1
554	151	153	1	1
555	151	152	1	1
556	150	151	1	1
557	150	151	1	1
558	150	151	1	1
559	150	151	1	1
560	150	151	1	1
561	150	151	1	1
562	149	150	1	1
563	149	150	1	1
564	149	150	1	1
565	149	149	1	1
566	148	149	1	1
567	148	149	1	1
568	148	149	1	1
569	148	149	1	1
570	148	148	1	1
571	147	148	1	1
572	147	148	1	1
573	146	148	1	1
574	147	148	1	1
575	147	147	1	1
576	146	147	1	1
577	146	147	1	1
578	146	147	1	1
579	145	147	1	1
580	145	146	1	1
581	145	146	1	1
582	145	146	1	1
583	145	145	1	1
584	144	145	1	1
585	144	145	1	1
586	144	144	1	1
587	143	144	1	1
588	143	144	1	1
589	143	144	1	1
590	143	144	1	1
591	143	144	1	1
592	143	144	1	1
593	142	144	1	1
594	142	143	1	1
595	142	142	1	1
596	141	142	1	1
597	142	142	1	1
598	141	142	1	1
599	141	142	1	1
600	141	141	1	1
601	141	141	1	1
602	140	141	1	1
603	140	141	1	1
604	140	140	1	1
605	140	141	1	1
606	139	140	1	1
607	139	140	1	1
608	139	140	1	1
609	139	139	1	1
610	138	139	1	1
611	138	139	1	1
612	138	139	1	1
613	138	138	1	1
614	137	138	1	1
615	137	138	1	1
616	137	138	1	1
617	136	137	1	1
618	136	137	1	1
619	136	137	1	1
620	136	136	1	1
621	135	136	1	1
622	135	136	1	1
623	135	136	1	1
624	135	136	1	1
625	134	135	1	1
626	134	135	1	1
627	134	135	1	1
628	134	134	1	1
629	134	134	1	1
630	133	134	1	1
631	133	134	1	1
632	133	134	1	1
633	133	134	1	1
634	132	133	1	1
635	132	133	1	1
636	132	133	1	1
637	132	132	1	1
638	131	132	1	1
639	131	132	1	1
640	131	132	1	1
641	131	132	1	1
642	131	131	1	1
643	130	131	1	1
644	130	131	1	1
645	130	131	1	1
646	130	130	1	1
647	129	130	1	1
648	129	130	1	1
649	129	129	1	1
650	129	129	1	1
651	128	129	1	1
652	128	129	1	1
653	128	129	1	1
654	128	128	1	1
655	128	128	1	1
656	127	128	1	1
657	127	129	1	1
658	127	128	1	1
659	126	128	1	1
660	127	128	1	1
661	126	127	1	1
662	126	126	1	1
663	126	126	1	1
664	125	126	1	1
665	125	126	1	1
666	125	126	1	1
667	125	125	0	1
668	124	125	0	0
669	124	125	0	0
670	124	125	0	0
671	123	125	0	0
672	123	124	0	0
673	123	124	0	0
674	123	123	0	0
675	123	123	0	0
676	122	123	0	0
677	122	123	0	0
678	122	123	0	0
679	122	123	0	0
680	122	123	0	0
681	121	122	0	0
682	121	122	0	0
683	121	122	0	0
684	120	121	0	0
685	121	121	0	0
686	120	121	0	0
687	120	121	0	0
688	119	120	0	0
689	119	120	0	0
690	119	120	0	0
691	119	119	0	0
692	119	119	0	0
693	119	119	0	0
694	118	119	0	0
695	118	119	0	0
696	118	119	0	0
697	118	118	0	0
698	117	118	0	0
699	117	118	0	0
700	117	118	0	0
701	117	117	0	0
702	116	117	0	0
703	116	117	0	0
704	116	117	0	0
705	116	116	0	0
706	115	116	0	0
707	115	116	0	0
708	115	116	0	0
709	115	115	0	0
710	115	115	0	0
711	115	115	0	0
712	115	115	0	0
713	114	115	0	0
714	113	115	0	0
715	113	114	0	0
716	113	114	0	0
717	113	114	0	0
718	113	113	0	0
719	113	113	0	0
720	112	113	0	0
721	112	113	0	0
722	112	113	0	0
723	112	112	0	0
724	111	112	0	0
725	111	113	0	0
726	111	112	0	0
727	111	112	0	0
728	111	112	0	0
729	110	112	0	0
730	110	111	0	0
731	110	111	0	0
732	110	111	0	0
733	110	111	0	0
734	110	110	0	0
735	110	110	0	0
736	109	110	0	0
737	109	109	0	0
738	109	109	0	0
739	108	109	0	0
740	108	109	0	0
741	108	109	0	0
742	108	109	0	0
743	108	108	0	0
744	108	108	0	0
745	107	108	0	0
746	107	108	0	0
747	107	108	0	0
748	107	108	0	0
749	107	107	0	0
750	107	107	0	0
751	106	107	0	0
752	106	107	0	0
753	106	107	0	0
754	106	107	0	0
755	106	106	0	0
756	105	106	0	0
757	105	106	0	0
758	105	106	0	0
759	105	106	0	0
760	105	105	0	0
761	105	105	0	0
762	104	105	0	0
763	104	105	0	0
764	104	104	0	0
765	104	104	0	0
766	104	104	0	0
767	104	104	0	0
768	103	104	0	0
769	103	104	0	0
770	103	104	0	0
771	103	103	0	0
772	103	103	0	0
773	103	103	0	0
774	103	103	0	0
775	102	103	0	0
776	102	103	0	0
777	102	103	0	0
778	102	102	0	0
779	102	102	0	0
780	102	102	0	0
781	101	102	0	0
782	101	102	0	0
783	101	102	0	0
784	101	102	0	0
785	101	102	0	0
786	101	101	0	0
787	101	101	0	0
788	101	101	0	0
789	100	101	0	0
790	100	101	0	0
791	100	101	0	0
792	100	101	0	0
793	100	100	0	0
794	100	100	0	0
795	100	100	0	0
796	99	100	0	0
797	99	100	0	0
798	99	100	0	0
799	99	100	0	0
800	99	100	0	0
801	99	99	0	0
802	99	99	0	0
803	99	99	0	0
804	99	99	0	0
805	99	99	0	0
806	98	99	0	0
807	98	99	0	0
808	98	99	0	0
809	98	99	0	0
810	98	99	0	0
811	98	99	0	0
812	97	98	0	0
813	98	98	0	0
814	97	98	0	0
815	97	98	0	0
816	97	98	0	0
817	97	98	0	0
818	97	97	0	0
819	97	98	0	0
820	97	98	0	0
821	97	98	0	0
822	97	97	0	0
823	97	97	0	0
824	97	97	0	0
825	97	97	0	0
826	96	97	0	0
827	97	97	0	0
828	96	97	0	0
829	96	97	0	0
830	96	97	0	0
831	96	97	0	0
832	96	97	0	0
833	96	97	0	0
834	96	96	0	0
835	96	97	0	0
836	96	96	0	0
837	96	96	0	0
838	96	96	0	0
839	96	96	0	0
840	96	96	0	0
841	96	96	0	0
842	95	96	0	0
843	95	96	0	0
844	95	96	0	0
845	95	96	0	0
846	96	96	0	0
847	95	96	0	0
848	95	96	0	0
849	95	97	0	0
850	95	96	0	0
851	95	96	0	0
852	95	96	0	0
853	95	97	0	0
854	95	96	0	0
855	95	97	0	0
856	95	96	0	0
857	95	96	0	0
858	95	97	0	0
859	95	96	0	0
860	95	96	0	0
861	95	96	0	0
862	95	97	0	0
863	95	96	0	0
864	95	96	0	0
865	95	96	0	0
866	95	96	0	0
867	95	96	0	0
868	95	97	0	0
869	95	96	0	0
870	95	97	0	0
871	95	96	0	0
872	95	96	0	0
873	95	96	0	0
874	95	96	0	0
875	95	96	0	0
876	94	96	0	0
877	95	96	0	0
878	95	96	0	0
879	95	96	0	0
880	95	96	0	0
881	95	96	0	0
882	95	96	0	0
883	95	96	0	0
884	95	96	0	0
885	95	96	0	0
886	95	96	0	0
887	95	97	0	0
888	95	96	0	0
889	95	96	0	0
890	95	96	0	0
891	95	96	0	0
892	95	96	0	0
893	95	96	0	0
894	95	96	0	0
895	95	97	0	0
896	96	97	0	0
897	95	96	0	0
898	95	96	0	0
899	95	97	0	0
900	95	97	0	0
901	95	96	0	0
902	95	97	0	0
903	96	96	0	0
904	96	96	0	0
905	96	96	0	0
906	96	97	0	0
907	96	97	0	0
908	96	97	0	0
909	96	97	0	0
910	96	97	0	0
911	96	97	0	0
912	96	97	0	0
913	96	97	0	0
914	96	97	0	0
915	97	97	0	0
916	97	97	0	0
917	96	97	0	0
918	97	97	0	0
919	96	97	0	0
920	97	97	0	0
921	97	97	0	0
922	97	97	0	0
923	97	97	0	0
924	97	98	0	0
925	97	98	0	0
926	97	98	0	0
927	97	98	0	0
928	97	98	0	0
929	97	98	0	0
930	98	98	0	0
931	98	99	0	0
932	98	99	0	0
933	98	99	0	0
934	98	99	0	0
935	98	99	0	0
936	98	99	0	0
937	98	99	0	0
938	99	99	0	0
939	99	99	0	0
940	99	99	0	0
941	99	99	0	0
942	99	99	0	0
943	99	100	0	0
944	99	100	0	0
945	99	100	0	0
946	99	100	0	0
947	99	100	0	0
948	99	101	0	0
949	99	101	0	0
950	100	100	0	0
951	100	101	0	0
952	100	101	0	0
953	100	101	0	0
954	100	101	0	0
955	100	101	0	0
956	101	101	0	0
957	101	101	0	0
958	101	101	0	0
959	101	101	0	0
960	101	102	0	0
961	101	102	0	0
962	101	102	0	0
963	102	102	0	0
964	101	102	0	0
965	102	102	0	0
966	102	103	0	0
967	102	103	0	0
968	102	103	0	0
969	102	103	0	0
970	102	103	0	0
971	103	103	0	0
972	103	103	0	0
973	103	104	0	0
974	103	104	0	0
975	103	104	0	0
976	104	104	0	0
977	104	104	0	0
978	103	104	0	0
979	104	105	0	0
980	104	105	0	0
981	104	105	0	0
982	105	105	0	0
983	104	105	0	0
984	105	106	0	0
985	105	106	0	0
986	106	106	0	0
987	105	106	0	0
988	106	106	0	0
989	106	107	0	0
990	106	107	0	0
991	107	107	0	0
992	106	107	0	0
993	107	107	0	0
994	107	107	0	0
995	107	108	0	0
996	107	108	0	0
997	107	108	0	0
998	108	108	0	0
999	107	109	0	0
1000	108	109	0	0
1001	108	109	0	0
1002	108	109	0	0
1003	109	109	0	0
1004	109	109	0	0
1005	109	109	0	0
1006	109	110	0	0
1007	109	110	0	0
1008	110	110	0	0
1009	110	110	0	0
1010	110	110	0	0
1011	110	111	0	0
1012	110	111	0	0
1013	110	111	0	0
1014	111	111	0	0
1015	111	111	0	0
1016	111	112	0	0
1017	111	112	0	0
1018	111	113	0	0
1019	112	112	0	0
1020	112	112	0	0
1021	112	113	0	0
1022	112	113	0	0
1023	113	113	0	0
1024	113	114	0	0
1025	113	113	0	0
1026	113	114	0	0
1027	113	114	0	0
1028	113	115	0	0
1029	114	115	0	0
1030	114	115	0	0
1031	114	115	0	0
1032	115	115	0	0
1033	115	115	0	0
1034	115	115	0	0
1035	115	116	0	0
1036	115	116	0	0
1037	116	116	0	0
1038	116	117	0	0
1039	116	117	0	0
1040	116	117	0	0
1041	116	118	0	0
1042	117	117	0	0
1043	117	118	0	0
1044	117	118	0	0
1045	117	118	0	0
1046	118	118	0	0
1047	118	119	0	0
1048	118	119	0	0
1049	118	119	0	0
1050	119	119	0	0
1051	119	119	0	0
1052	119	119	0	0
1053	119	119	0	0
1054	119	120	0	0
1055	120	121	0	0
1056	120	121	0	0
1057	120	121	0	0
1058	120	121	0	0
1059	120	121	0	0
1060	121	122	0	0
1061	121	122	0	0
1062	122	122	0	0
1063	121	122	0	0
1064	122	123	0	0
1065	122	123	0	0
1066	122	123	0	0
1067	122	123	0	0
1068	123	123	0	0
1069	123	124	0	0
1070	123	124	0	0
1071	123	125	0	0
1072	124	125	0	0
1073	124	125	0	0
1074	125	125	0	0
1075	125	125	0	0
1076	125	125	0	0
1077	125	126	0	0
1078	125	126	0	0
1079	126	126	0	0
1080	126	126	0	0
1081	126	127	0	0
1082	126	127	0	0
1083	127	127	0	0
1084	127	128	0	0
1085	127	128	0	0
1086	127	129	0	0
1087	127	129	0	0
1088	127	128	0	0
1089	127	129	0	0
1090	128	129	0	0
1091	128	129	0	0
1092	128	129	0	0
1093	129	129	0	0
1094	129	129	0	0
1095	129	130	0	0
1096	129	130	0	0
1097	129	130	0	0
1098	130	131	0	0
1099	130	131	0	0
1100	131	131	0	0
1101	131	131	0	0
1102	131	131	0	0
1103	131	132	0	0
1104	131	132	0	0
1105	131	132	0	0
1106	132	132	0	0
1107	132	133	0	0
1108	132	133	0	0
1109	133	133	0	0
1110	133	133	0	0
1111	133	134	0	0
1112	133	134	0	0
1113	133	134	0	0
1114	134	135	0	0
1115	134	135	0	0
1116	134	135	0	0
1117	134	135	0	0
1118	135	135	0	0
1119	135	136	0	0
1120	135	136	0	0
1121	135	136	0	0
1122	135	136	0	0
1123	136	136	0	0
1124	136	137	0	0
1125	136	137	0	0
1126	137	137	0	0
1127	137	137	0	0
1128	137	138	0	0
1129	137	138	0	0
1130	138	138	0	0
1131	138	139	0	0
1132	138	139	0	0
1133	138	139	0	0
1134	139	139	0	0
1135	139	140	0	0
1136	139	140	0	0
1137	139	140	0	0
1138	140	140	0	0
1139	140	140	0	0
1140	140	141	0	0
1141	141	141	0	0
1142	140	142	0	0
1143	141	142	0	0
1144	141	142	0	0
1145	142	142	0	0
1146	141	142	0	0
1147	142	142	0	0
1148	142	143	0	0
1149	142	143	0	0
1150	143	143	0	0
1151	143	143	0	0
1152	143	144	0	0
1153	143	144	0	0
1154	143	144	0	0
1155	143	144	0	0
1156	144	145	0	0
1157	144	145	0	0
1158	145	145	0	0
1159	144	145	0	0
1160	145	146	0	0
1161	145	146	0	0
1162	145	146	0	0
1163	145	147	0	0
1164	146	147	0	0
1165	145	147	0	0
1166	146	147	0	0
1167	147	147	0	0
1168	147	147	0	0
1169	147	148	0	1
1170	147	148	1	1
1171	148	148	1	1
1172	147	149	1	1
1173	148	149	1	1
1174	148	149	1	1
1175	148	149	1	1
1176	149	149	1	1
1177	149	149	1	1
1178	149	150	1	1
1179	149	150	1	1
1180	149	150	1	1
1181	150	150	1	1
1182	150	150	1	1
1183	150	151	1	1
1184	150	150	1	1
1185	150	151	1	1
1186	150	151	1	1
1187	151	151	1	1
1188	151	151	1	1
1189	151	152	1	1
1190	151	153	1	1
1191	152	153	1	1
1192	151	153	1	1
1193	152	153	1	1
1194	152	153	1	1
1195	152	153	1	1
1196	153	153	1	1
1197	153	154	1	1
1198	153	154	1	1
1199	153	154	1	1
1200	153	154	1	1
1201	153	154	1	1
1202	154	154	1	1
1203	154	155	1	1
1204	154	155	1	1
1205	154	155	1	1
1206	155	155	1	1
1207	155	155	1	1
1208	155	155	1	1
1209	155	156	1	1
1210	155	156	1	1
1211	155	156	1	1
1212	156	157	1	1
1213	156	157	1	1
1214	156	157	1	1
1215	156	157	1	1
1216	157	157	1	1
1217	157	157	1	1
1218	157	157	1	1
1219	157	157	1	1
1220	157	158	1	1
1221	157	158	1	1
1222	157	158	1	1
1223	158	158	1	1
1224	158	158	1	1
1225	158	159	1	1
1226	158	158	1	1
1227	158	159	1	1
1228	158	159	1	1
1229	159	159	1	1
1230	159	159	1	1
1231	159	159	1	1
1232	159	159	1	1
1233	159	160	1	1
1234	159	161	1	1
1235	160	161	1	1
1236	159	161	1	1
1237	160	161	1	1
1238	160	161	1	1
1239	160	161	1	1
1240	160	161	1	1
1241	160	161	1	1
1242	161	161	1	1
1243	160	161	1	1
1244	160	161	1	1
1245	161	161	1	1
1246	161	161	1	1
1247	161	161	1	1
1248	161	161	1	1
1249	161	161	1	1
1250	161	162	1	1
1251	161	162	1	1
1252	162	162	1	1
1253	161	162	1	1
1254	161	162	1	1
1255	162	162	1	1
1256	162	163	1	1
1257	162	163	1	1
1258	162	163	1	1
1259	162	163	1	1
1260	162	163	1	1
1261	162	163	1	1
1262	163	163	1	1
1263	163	163	1	1
1264	163	163	1	1
1265	163	163	1	1
1266	163	163	1	1
1267	163	164	1	1
1268	163	164	1	1
1269	163	164	1	1
1270	164	164	1	1
1271	163	164	1	1
1272	164	165	1	1
1273	163	165	1	1
1274	164	164	1	1
1275	164	165	1	1
1276	164	165	1	1
1277	164	165	1	1
1278	164	165	1	1
1279	164	165	1	1
1280	165	165	1	1
1281	164	165	1	1
1282	164	165	1	1
1283	164	165	1	1
1284	165	165	1	1
1285	165	165	1	1
1286	165	165	1	1
1287	165	165	1	1
1288	165	165	1	1
1289	165	165	1	1
1290	165	165	1	1
1291	165	166	1	1
1292	165	166	1	1
1293	165	166	1	1
1294	165	166	1	1
1295	166	166	1	1
1296	165	166	1	1
1297	166	166	1	1
1298	166	166	1	1
1299	166	166	1	1
1300	166	166	1	1
1301	166	166	1	1
1302	166	166	1	1
1303	166	166	1	1
1304	166	166	1	1
1305	166	166	1	1
1306	166	166	1	1
1307	166	167	1	1
1308	166	166	1	1
1309	166	166	1	1
1310	166	167	1	1
1311	166	167	1	1
1312	166	167	1	1
1313	166	167	1	1
1314	166	167	1	1
1315	166	167	1	1
1316	166	167	1	1
1317	166	167	1	1
1318	166	167	1	1
1319	166	167	1	1
1320	166	167	1	1
1321	166	167	1	1
1322	166	167	1	1
1323	166	167	1	1
1324	166	167	1	1
1325	166	167	1	1
1326	166	167	1	1
1327	166	167	1	1
1328	166	167	1	1
1329	166	167	1	1
1330	166	167	1	1
1331	167	167	1	1
1332	166	167	1	1
1333	166	167	1	1
1334	166	167	1	1
1335	167	167	1	1
1336	166	167	1	1
1337	166	167	1	1
1338	166	167	1	1
1339	166	167	1	1
1340	166	167	1	1
1341	166	166	1	1
1342	166	167	1	1
1343	166	167	1	1
1344	166	167	1	1
1345	166	167	1	1
1346	166	167	1	1
1347	166	167	1	1
1348	166	167	1	1
1349	166	167	1	1
1350	166	167	1	1
1351	166	167	1	1
1352	166	167	1	1
1353	166	167	1	1
1354	166	167	1	1
1355	166	166	1	1
1356	166	166	1	1
1357	166	166	1	1
1358	166	166	1	1
1359	165	166	1	1
1360	166	166	1	1
1361	166	166	1	1
1362	166	166	1	1
1363	166	166	1	1
1364	165	166	1	1
1365	165	166	1	1
1366	165	166	1	1
1367	166	166	1	1
1368	165	166	1	1
1369	165	166	1	1
1370	165	166	1	1
1371	165	165	1	1
1372	165	165	1	1
1373	165	166	1	1
1374	165	165	1	1
1375	165	165	1	1
1376	165	165	1	1
1377	165	165	1	1
1378	165	165	1	1
1379	164	165	1	1
1380	164	165	1	1
1381	164	165	1	1
1382	164	165	1	1
1383	164	165	1	1
1384	164	165	1	1
1385	164	165	1	1
1386	164	165	1	1
1387	164	165	1	1
1388	164	165	1	1
1389	164	164	1	1
1390	163	164	1	1
1391	163	164	1	1
1392	163	164	1	1
1393	163	164	1	1
1394	163	164	1	1
1395	163	164	1	1
1396	163	164	1	1
1397	163	163	1	1
1398	163	163	1	1
1399	163	163	1	1
1400	162	163	1	1
1401	162	163	1	1
1402	162	163	1	1
1403	162	163	1	1
1404	162	163	1	1
1405	161	162	1	1
1406	161	163	1	1
1407	162	162	1	1
1408	161	162	1	1
1409	161	162	1	1
1410	161	163	1	1
1411	161	162	1	1
1412	161	161	1	1
1413	161	161	1	1
1414	161	161	1	1
1415	161	161	1	1
1416	160	161	1	1
1417	160	161	1	1
1418	160	161	1	1
1419	160	161	1	1
1420	160	161	1	1
1421	160	161	1	1
1422	160	161	1	1
1423	160	161	1	1
1424	160	160	1	1
1425	159	160	1	1
1426	159	161	1	1
1427	159	160	1	1
1428	159	161	1	1
1429	159	161	1	1
1430	159	160	1	1
1431	159	160	1	1
1432	159	160	1	1
1433	159	160	1	1
1434	158	159	1	1
1435	158	159	1	1
1436	158	159	1	1
1437	158	159	1	1
1438	157	158	1	1
1439	157	158	1	1
1440	157	158	1	1
1441	157	158	1	1
1442	157	158	1	1
1443	157	157	1	1
1444	157	157	1	1
1445	157	157	1	1
1446	156	157	1	1
1447	156	157	1	1
1448	156	157	1	1
1449	156	157	1	1
1450	155	156	1	1
1451	155	156	1	1
1452	155	156	1	1
1453	155	155	1	1
1454	155	155	1	1
1455	154	155	1	1
1456	154	155	1	1
1457	154	155	1	1
1458	154	155	1	1
1459	154	154	1	1
1460	154	154	1	1
1461	153	154	1	1
1462	153	154	1	1
1463	153	154	1	1
1464	153	154	1	1
1465	153	154	1	1
1466	152	153	1	1
1467	152	153	1	1
1468	152	153	1	1
1469	152	152	1	1
1470	152	152	1	1
1471	151	152	1	1
1472	151	152	1	1
1473	151	152	1	1
1474	151	152	1	1
1475	150	151	1	1
1476	150	151	1	1
1477	150	151	1	1
1478	150	150	1	1
1479	150	150	1	1
1480	149	150	1	1
1481	149	150	1	1
1482	149	150	1	1
1483	149	149	1	1
1484	148	149	1	1
1485	149	149	1	1
1486	148	149	1	1
1487	148	149	1	1
1488	148	149	1	1
1489	148	148	1	1
1490	147	148	1	1
1491	147	148	1	1
1492	147	148	1	1
1493	147	147	1	1
1494	147	147	1	1
1495	146	147	1	1
1496	146	147	1	1
1497	146	147	1	1
1498	145	146	1	1
1499	145	146	1	1
1500	145	146	1	1
1501	145	146	1	1
1502	145	145	1	1
1503	144	145	1	1
1504	144	144	1	1
1505	144	144	1	1
1506	143	144	1	1
1507	143	144	1	1
1508	143	144	1	1
1509	143	144	1	1
1510	143	143	1	1
1511	142	143	1	1
1512	142	143	1	1
1513	142	143	1	1
1514	142	142	1	1
1515	142	142	1	1
1516	141	142	1	1
1517	141	142	1	1
1518	141	142	1	1
1519	141	141	1	1
1520	140	141	1	1
1521	140	141	1	1
1522	140	141	1	1
1523	140	140	1	1
1524	139	140	1	1
1525	139	140	1	1
1526	139	139	1	1
1527	139	139	1	1
1528	139	139	1	1
1529	138	139	1	1
1530	138	139	1	1
1531	138	139	1	1
1532	137	138	1	1
1533	137	138	1	1
1534	137	138	1	1
1535	137	137	1	1
1536	136	137	1	1
1537	136	137	1	1
1538	136	137	1	1
1539	135	136	1	1
1540	135	136	1	1
1541	135	136	1	1
1542	135	136	1	1
1543	135	135	1	1
1544	134	135	1	1
1545	134	135	1	1
1546	134	135	1	1
1547	134	134	1	1
1548	134	134	1	1
1549	133	134	1	1
1550	133	134	1	1
1551	133	133	1	1
1552	133	133	1	1
1553	132	133	1	1
1554	132	133	1	1
1555	132	132	1	1
1556	132	132	1	1
1557	131	132	1	1
1558	131	132	1	1
1559	131	132	1	1
1560	131	131	1	1
1561	130	131	1	1
1562	131	131	1	1
1563	130	131	1	1
1564	129	130	1	1
1565	129	130	1	1
1566	129	130	1	1
1567	129	129	1	1
1568	129	129	1	1
1569	128	129	1	1
1570	128	129	1	1
1571	128	129	1	1
1572	128	129	1	1
1573	128	128	1	1
1574	128	128	1	1
1575	127	128	1	1
1576	127	128	1	1
1577	127	128	1	1
1578	126	128	1	1
1579	126	128	1	1
1580	126	127	1	1
1581	126	127	1	1
1582	126	127	1	1
1583	125	126	1	1
1584	125	126	1	1
1585	125	126	1	1
1586	124	125	0	1
1587	124	125	0	0
1588	124	125	0	0
1589	124	125	0	0
1590	124	124	0	0
1591	123	124	0	0
1592	123	124	0	0
1593	123	124	0	0
1594	123	123	0	0
1595	122	123	0	0
1596	122	123	0	0
1597	122	123	0	0
1598	122	123	0	0
1599	121	122	0	0
1600	121	122	0	0
1601	121	122	0	0
1602	120	121	0	0
1603	120	121	0	0
1604	120	121	0	0
1605	120	120	0	0
1606	120	120	0	0
1607	119	121	0	0
1608	119	120	0	0
1609	119	120	0	0
1610	118	119	0	0
1611	119	119	0	0
1612	119	119	0	0
1613	118	119	0	0
1614	118	119	0	0
1615	118	118	0	0
1616	118	118	0	0
1617	117	118	0	0
1618	117	118	0	0
1619	117	117	0	0
1620	117	117	0	0
1621	117	117	0	0
1622	116	117	0	0
1623	116	117	0	0
1624	116	116	0	0
1625	115	116	0	0
1626	115	116	0	0
1627	115	116	0	0
1628	115	116	0	0
1629	115	115	0	0
1630	114	115	0	0
1631	114	115	0	0
1632	114	115	0	0
1633	113	114	0	0
1634	113	115	0	0
1635	113	113	0	0
1636	113	114	0	0
1637	113	113	0	0
1638	113	113	0	0
1639	112	113	0	0
1640	112	113	0	0
1641	112	112	0	0
1642	112	112	0	0
1643	111	112	0	0
1644	111	112	0	0
1645	111	112	0	0
1646	111	112	0	0
1647	111	111	0	0
1648	111	111	0	0
1649	110	111	0	0
1650	110	111	0	0
1651	110	111	0	0
1652	110	110	0	0
1653	110	110	0	0
1654	109	110	0	0
1655	109	110	0	0
1656	109	109	0	0
1657	109	109	0	0
1658	109	109	0	0
1659	108	109	0	0
1660	108	109	0	0
1661	108	109	0	0
1662	108	109	0	0
1663	108	109	0	0
1664	107	108	0	0
1665	107	108	0	0
1666	107	108	0	0
1667	107	107	0	0
1668	107	107	0	0
1669	107	107	0	0
1670	106	107	0	0
1671	106	107	0	0
1672	106	107	0	0
1673	106	106	0	0
1674	105	106	0	0
1675	105	106	0	0
1676	106	106	0	0
1677	105	106	0	0
1678	105	105	0	0
1679	105	105	0	0
1680	104	105	0	0
1681	104	105	0	0
1682	104	105	0	0
1683	104	105	0	0
1684	104	104	0	0
1685	103	104	0	0
1686	103	105	0	0
1687	103	104	0	0
1688	103	104	0	0
1689	103	104	0	0
1690	103	103	0	0
1691	103	103	0	0
1692	103	103	0	0
1693	102	103	0	0
1694	102	103	0	0
1695	102	103	0	0
1696	102	103	0	0
1697	102	102	0	0
1698	102	102	0	0
1699	101	102	0	0
1700	101	102	0	0
1701	101	102	0	0
1702	101	102	0	0
1703	101	102	0	0
1704	101	101	0	0
1705	100	101	0	0
1706	100	101	0	0
1707	100	101	0	0
1708	100	101	0	0
1709	100	101	0	0
1710	100	101	0	0
1711	100	101	0	0
1712	99	100	0	0
1713	100	101	0	0
1714	99	100	0	0
1715	99	100	0	0
1716	99	100	0	0
1717	99	100	0	0
1718	99	100	0	0
1719	99	99	0	0
1720	99	99	0	0
1721	99	99	0	0
1722	98	99	0	0
1723	99	99	0	0
1724	98	99	0	0
1725	98	99	0	0
1726	98	99	0	0
1727	98	99	0	0
1728	98	99	0	0
1729	98	98	0	0
1730	98	98	0	0
1731	97	98	0	0
1732	97	99	0	0
1733	97	98	0	0
1734	97	98	0	0
1735	97	98	0	0
1736	97	98	0	0
1737	97	98	0	0
1738	97	98	0	0
1739	97	97	0	0
1740	97	97	0	0
1741	97	97	0	0
1742	97	97	0	0
1743	97	97	0	0
1744	97	97	0	0
1745	97	97	0	0
1746	96	97	0	0
1747	97	97	0	0
1748	96	97	0	0
1749	96	97	0	0
1750	96	97	0	0
1751	96	96	0	0
1752	96	96	0	0
1753	96	97	0	0
1754	96	96	0	0
1755	95	96	0	0
1756	96	97	0	0
1757	96	96	0	0
1758	96	96	0	0
1759	96	96	0	0
1760	95	96	0	0
1761	96	96	0	0
1762	96	96	0	0
1763	96	96	0	0
1764	95	96	0	0
1765	96	96	0	0
1766	95	96	0	0
1767	95	96	0	0
1768	95	97	0	0
1769	95	97	0	0
1770	95	96	0	0
1771	95	96	0	0
1772	95	96	0	0
1773	95	96	0	0
1774	95	96	0	0
1775	95	96	0	0
1776	95	96	0	0
1777	95	96	0	0
1778	95	96	0	0
1779	95	96	0	0
1780	95	96	0	0
1781	95	96	0	0
1782	95	96	0	0
1783	95	96	0	0
1784	95	97	0	0
1785	95	96	0	0
1786	95	97	0	0
1787	95	96	0	0
1788	95	96	0	0
1789	95	96	0	0
1790	95	96	0	0
1791	95	96	0	0
1792	95	96	0	0
1793	95	96	0	0
1794	95	96	0	0
1795	95	96	0	0
1796	95	96	0	0
1797	95	97	0	0
1798	95	96	0	0
1799	95	96	0	0
1800	95	96	0	0
1801	95	96	0	0
1802	95	96	0	0
1803	95	96	0	0
1804	95	96	0	0
1805	95	97	0	0
1806	95	96	0	0
1807	95	96	0	0
1808	95	97	0	0
1809	95	96	0	0
1810	95	96	0	0
1811	95	97	0	0
1812	95	97	0	0
1813	95	96	0	0
1814	95	96	0	0
1815	95	96	0	0
1816	95	96	0	0
1817	95	97	0	0
1818	96	96	0	0
1819	96	96	0	0
1820	96	96	0	0
1821	96	96	0	0
1822	96	96	0	0
1823	96	97	0	0
1824	96	96	0	0
1825	96	97	0	0
1826	96	97	0	0
1827	96	97	0	0
1828	96	97	0	0
1829	96	97	0	0
1830	96	97	0	0
1831	97	97	0	0
1832	96	97	0	0
1833	97	97	0	0
1834	97	97	0	0
1835	96	97	0	0
1836	97	97	0	0
1837	97	97	0	0
1838	97	97	0	0
1839	97	97	0	0
1840	97	97	0	0
1841	97	97	0	0
1842	97	97	0	0
1843	97	98	0	0
1844	97	98	0	0
1845	97	98	0	0
1846	97	98	0	0
1847	97	98	0	0
1848	97	98	0	0
1849	97	98	0	0
1850	98	98	0	0
1851	99	99	0	0
1852	98	99	0	0
1853	98	99	0	0
1854	98	99	0	0
1855	98	99	0	0
1856	99	99	0	0
1857	99	99	0	0
1858	99	99	0	0
1859	99	99	0	0
1860	99	99	0	0
1861	99	100	0	0
1862	99	100	0	0
1863	99	100	0	0
1864	100	100	0	0
1865	100	100	0	0
1866	100	100	0	0
1867	100	100	0	0
1868	100	101	0	0
1869	100	101	0	0
1870	100	101	0	0
1871	100	101	0	0
1872	100	101	0	0
1873	101	101	0	0
1874	101	101	0	0
1875	101	101	0	0
1876	101	101	0	0
1877	101	102	0	0
1878	101	102	0	0
1879	102	102	0	0
1880	101	102	0	0
1881	101	102	0	0
1882	102	102	0	0
1883	102	102	0	0
1884	102	103	0	0
1885	102	103	0	0
1886	102	103	0	0
1887	102	103	0	0
1888	103	103	0	0
1889	103	104	0	0
1890	103	103	0	0
1891	103	104	0	0
1892	103	104	0	0
1893	103	105	0	0
1894	104	104	0	0
1895	103	105	0	0
1896	104	104	0	0
1897	104	105	0	0
1898	104	105	0	0
1899	104	105	0	0
1900	104	105	0	0
1901	105	105	0	0
1902	105	105	0	0
1903	105	106	0	0
1904	105	106	0	0
1905	105	106	0	0
1906	106	106	0	0
1907	106	106	0	0
1908	106	107	0	0
1909	106	107	0	0
1910	106	107	0	0
1911	107	107	0	0
1912	107	107	0	0
1913	107	108	0	0
1914	107	108	0	0
1915	107	108	0	0
1916	108	108	0	0
1917	108	108	0	0
1918	108	108	0	0
1919	108	109	0	0
1920	109	109	0	0
1921	109	109	0	0
1922	109	109	0	0
1923	109	109	0	0
1924	109	110	0	0
1925	109	110	0	0
1926	109	110	0	0
1927	109	110	0	0
1928	110	110	0	0
1929	110	111	0	0
1930	110	111	0	0
1931	110	111	0	0
1932	111	112	0	0
1933	111	112	0	0
1934	111	112	0	0
1935	111	112	0	0
1936	111	112	0	0
1937	112	112	0	0
1938	112	112	0	0
1939	112	113	0	0
1940	112	113	0	0
1941	112	113	0	0
1942	113	113	0	0
1943	113	113	0	0
1944	113	113	0	0
1945	113	114	0	0
1946	113	114	0	0
1947	114	115	0	0
1948	114	115	0	0
1949	114	115	0	0
1950	115	115	0	0
1951	114	115	0	0
1952	115	115	0	0
1953	115	116	0	0
1954	115	116	0	0
1955	115	116	0	0
1956	116	116	0	0
1957	116	117	0	0
1958	116	117	0	0
1959	116	117	0	0
1960	117	117	0	0
1961	117	118	0	0
1962	117	118	0	0
1963	117	118	0	0
1964	117	118	0	0
1965	118	119	0	0
1966	118	119	0	0
1967	118	119	0	0
1968	118	119	0	0
1969	118	119	0	0
1970	119	119	0	0
1971	119	119	0	0
1972	119	120	0	0
1973	120	121	0	0
1974	120	121	0	0
1975	120	121	0	0
1976	120	121	0	0
1977	121	121	0	0
1978	120	121	0	0
1979	121	122	0	0
1980	121	122	0	0
1981	121	122	0	0
1982	122	122	0	0
1983	122	123	0	0
1984	122	123	0	0
1985	123	123	0	0
1986	123	123	0	0
1987	123	124	0	0
1988	123	124	0	0
1989	123	124	0	0
1990	124	124	0	0
1991	124	125	0	0
1992	124	125	0	0
1993	125	125	0	0
1994	125	125	0	0
1995	125	125	0	0
1996	125	126	0	0
1997	126	126	0	0
1998	126	126	0	0
1999	126	127	0	0
2000	126	127	0	0
2001	126	127	0	0
2002	127	127	0	0
2003	127	129	0	0
2004	127	128	0	0
2005	127	129	0	0
2006	128	128	0	0
2007	128	128	0	0
2008	128	128	0	0
2009	128	129	0	0
2010	128	129	0	0
2011	129	129	0	0
2012	129	129	0	0
2013	129	130	0	0
2014	129	130	0	0
2015	129	130	0	0
2016	129	131	0	0
2017	130	131	0	0
2018	130	131	0	0
2019	131	131	0	0
2020	131	131	0	0
2021	131	132	0	0
2022	131	132	0	0
2023	132	132	0	0
2024	132	132	0	0
2025	132	133	0	0
2026	132	132	0	0
2027	133	133	0	0
2028	133	133	0	0
2029	133	134	0	0
2030	133	134	0	0
2031	134	134	0	0
2032	133	134	0	0
2033	134	135	0	0
2034	134	135	0	0
2035	134	135	0	0
2036	135	135	0	0
2037	135	135	0	0
2038	135	136	0	0
2039	135	136	0	0
2040	135	137	0	0
2041	136	137	0	0
2042	136	137	0	0
2043	137	137	0	0
2044	137	137	0	0
2045	137	137	0	0
2046	137	138	0	0
2047	137	138	0	0
2048	137	138	0	0
2049	138	139	0	0
2050	138	139	0	0
2051	138	139	0	0
2052	138	139	0	0
2053	139	139	0	0
2054	139	140	0	0
2055	139	140	0	0
2056	140	140	0	0
2057	140	141	0	0
2058	140	141	0	0
2059	140	141	0	0
2060	140	141	0	0
2061	141	141	0	0
2062	141	142	0	0
2063	141	142	0	0
2064	141	142	0	0
2065	141	142	0	0
2066	142	142	0	0
2067	142	143	0	0
2068	142	143	0	0
2069	143	143	0	0
2070	143	144	0	0
2071	143	144	0	0
2072	143	144	0	0
2073	143	144	0	0
2074	144	145	0	0
2075	144	145	0	0
2076	144	145	0	0
2077	144	145	0	0
2078	145	145	0	0
2079	145	146	0	0
2080	145	147	0	0
2081	145	147	0	0
2082	146	147	0	0
2083	146	147	0	0
2084	146	147	0	0
2085	146	147	0	0
2086	147	147	0	0
2087	147	147	0	1
2088	147	148	1	1
2089	147	148	1	1
2090	147	149	1	1
2091	148	149	1	1
2092	148	148	1	1
2093	148	149	1	1
2094	148	149	1	1
2095	149	149	1	1
2096	149	149	1	1
2097	149	150	1	1
2098	149	150	1	1
2099	149	150	1	1
2100	149	150	1	1
2101	150	150	1	1
2102	150	150	1	1
2103	150	151	1	1
2104	150	151	1	1
2105	151	151	1	1
2106	151	151	1	1
2107	151	151	1	1
2108	151	153	1	1
2109	152	152	1	1
2110	151	152	1	1
2111	152	153	1	1
2112	152	153	1	1
2113	152	153	1	1
2114	153	153	1	1
2115	153	153	1	1
2116	153	154	1	1
2117	153	154	1	1
2118	153	154	1	1
2119	154	154	1	1
2120	154	154	1	1
2121	154	154	1	1
2122	154	155	1	1
2123	154	155	1	1
2124	154	155	1	1
2125	155	155	1	1
2126	155	155	1	1
2127	155	155	1	1
2128	155	155	1	1
2129	156	156	1	1
2130	155	156	1	1
2131	156	157	1	1
2132	156	157	1	1
2133	156	157	1	1
2134	156	157	1	1
2135	156	157	1	1
2136	157	157	1	1
2137	157	157	1	1
2138	157	157	1	1
2139	157	158	1	1
2140	157	158	1	1
2141	157	158	1	1
2142	158	158	1	1
2143	158	158	1	1
2144	158	159	1	1
2145	158	159	1	1
2146	158	159	1	1
2147	158	159	1	1
2148	159	159	1	1
2149	159	159	1	1
2150	159	159	1	1
2151	159	160	1	1
2152	159	160	1	1
2153	159	161	1	1
2154	159	161	1	1
2155	160	161	1	1
2156	160	161	1	1
2157	160	161	1	1
2158	160	161	1	1
2159	160	161	1	1
2160	160	161	1	1
2161	160	161	1	1
2162	160	161	1	1
2163	160	161	1	1
2164	161	161	1	1
2165	161	161	1	1
2166	161	161	1	1
2167	161	162	1	1
2168	161	161	1	1
2169	161	162	1	1
2170	161	162	1	1
2171	161	162	1	1
2172	161	162	1	1
2173	161	162	1	1
2174	162	163	1	1
2175	162	162	1	1
2176	162	162	1	1
2177	162	163	1	1
2178	162	163	1	1
2179	162	163	1	1
2180	163	163	1	1
2181	162	163	1	1
2182	163	163	1	1
2183	163	163	1	1
2184	163	163	1	1
2185	163	164	1	1
2186	163	164	1	1
2187	163	164	1	1
2188	163	164	1	1
2189	163	164	1	1
2190	163	164	1	1
2191	164	164	1	1
2192	164	164	1	1
2193	164	165	1	1
2194	164	164	1	1
2195	164	165	1	1
2196	164	165	1	1
2197	164	164	1	1
2198	164	165	1	1
2199	164	165	1	1
2200	164	165	1	1
2201	165	165	1	1
2202	165	165	1	1
2203	165	165	1	1
2204	165	165	1	1
2205	165	165	1	1
2206	165	166	1	1
2207	165	165	1	1
2208	165	165	1	1
2209	165	165	1	1
2210	165	166	1	1
2211	165	166	1	1
2212	165	166	1	1
2213	166	166	1	1
2214	165	166	1	1
2215	165	166	1	1
2216	165	166	1	1
2217	166	166	1	1
2218	166	166	1	1
2219	166	166	1	1
2220	166	166	1	1
2221	165	166	1	1
2222	166	166	1	1
2223	166	166	1	1
2224	166	166	1	1
2225	166	166	1	1
2226	166	167	1	1
2227	166	166	1	1
2228	166	166	1	1
2229	166	166	1	1
2230	166	167	1	1
2231	166	167	1	1
2232	166	167	1	1
2233	166	167	1	1
2234	166	167	1	1
2235	166	167	1	1
2236	166	167	1	1
2237	166	167	1	1
2238	166	166	1	1
2239	166	167	1	1
2240	166	167	1	1
2241	166	167	1	1
2242	166	167	1	1
2243	166	167	1	1
2244	167	167	1	1
2245	166	167	1	1
2246	166	167	1	1
2247	166	167	1	1
2248	166	167	1	1
2249	166	167	1	1
2250	167	167	1	1
2251	166	167	1	1
2252	166	167	1	1
2253	166	167	1	1
2254	166	167	1	1
2255	166	167	1	1
2256	166	167	1	1
2257	166	167	1	1
2258	166	167	1	1
2259	166	167	1	1
2260	166	167	1	1
2261	166	167	1	1
2262	166	167	1	1
2263	166	167	1	1
2264	166	167	1	1
2265	166	167	1	1
2266	166	166	1	1
2267	166	167	1	1
2268	166	167	1	1
2269	166	167	1	1
2270	166	167	1	1
2271	166	167	1	1
2272	166	166	1	1
2273	166	166	1	1
2274	166	166	1	1
2275	166	166	1	1
2276	166	166	1	1
2277	166	166	1	1
2278	166	166	1	1
2279	166	166	1	1
2280	166	166	1	1
2281	165	166	1	1
2282	165	166	1	1
2283	165	166	1	1
2284	166	166	1	1
2285	165	166	1	1
2286	165	166	1	1
2287	165	166	1	1
2288	165	166	1	1
2289	165	166	1	1
2290	165	165	1	1
2291	165	166	1	1
2292	165	165	1	1
2293	165	165	1	1
2294	165	165	1	1
2295	164	165	1	1
2296	165	165	1	1
2297	164	165	1	1
2298	164	165	1	1
2299	164	165	1	1
2300	164	165	1	1
2301	164	165	1	1
2302	164	165	1	1
2303	164	165	1	1
2304	164	164	1	1
2305	164	164	1	1
2306	164	164	1	1
2307	163	164	1	1
2308	163	164	1	1
2309	163	164	1	1
2310	163	164	1	1
2311	163	164	1	1
2312	163	164	1	1
2313	163	164	1	1
2314	163	164	1	1
2315	163	164	1	1
2316	163	164	1	1
2317	163	163	1	1
2318	163	163	1	1
2319	162	163	1	1
2320	162	163	1	1
2321	162	163	1	1
2322	162	163	1	1
2323	162	162	1	1
2324	161	162	1	1
2325	162	162	1	1
2326	162	162	1	1
2327	161	162	1	1
2328	161	162	1	1
2329	161	162	1	1
2330	161	161	1	1
2331	161	161	1	1
2332	161	161	1	1
2333	161	161	1	1
2334	160	161	1	1
2335	160	161	1	1
2336	160	161	1	1
2337	160	161	1	1
2338	160	161	1	1
2339	160	161	1	1
2340	160	161	1	1
2341	160	161	1	1
2342	160	160	1	1
2343	160	160	1	1
2344	159	160	1	1
2345	159	160	1	1
2346	159	160	1	1
2347	159	160	1	1
2348	159	160	1	1
2349	159	160	1	1
2350	158	160	1	1
2351	158	160	1	1
2352	158	159	1	1
2353	158	159	1	1
2354	158	158	1	1
2355	158	158	1	1
2356	158	158	1	1
2357	157	158	1	1
2358	157	158	1	1
2359	157	158	1	1
2360	157	158	1	1
2361	157	158	1	1
2362	157	157	1	1
2363	156	157	1	1
2364	156	157	1	1
2365	156	157	1	1
2366	156	157	1	1
2367	156	156	1	1
2368	155	156	1	1
2369	155	156	1	1
2370	155	156	1	1
2371	155	156	1	1
2372	155	155	1	1
2373	154	155	1	1
2374	154	155	1	1
2375	154	155	1	1
2376	154	155	1	1
2377	154	154	1	1
2378	154	154	1	1
2379	153	154	1	1
2380	153	154	1	1
2381	153	154	1	1
2382	153	153	1	1
2383	153	153	1	1
2384	152	153	1	1
2385	152	153	1	1
2386	152	153	1	1
2387	151	153	1	1
2388	152	153	1	1
2389	151	152	1	1
2390	151	153	1	1
2391	151	152	1	1
2392	151	152	1	1
2393	151	151	1	1
2394	150	151	1	1
2395	150	151	1	1
2396	150	150	1	1
2397	150	151	1	1
2398	150	151	1	1
2399	149	150	1	1
2400	149	150	1	1
2401	149	150	1	1
2402	149	149	1	1
2403	148	149	1	1
2404	148	149	1	1
2405	148	149	1	1
2406	148	149	1	1
2407	148	149	1	1
2408	147	148	1	1
2409	147	148	1	1
2410	147	148	1	1
2411	147	148	1	1
2412	147	148	1	1
2413	146	147	1	1
2414	146	147	1	1
2415	146	147	1	1
2416	146	147	1	1
2417	145	146	1	1
2418	145	146	1	1
2419	145	145	1	1
2420	145	145	1	1
2421	144	145	1	1
2422	144	145	1	1
2423	144	144	1	1
2424	143	144	1	1
2425	143	144	1	1
2426	143	144	1	1
2427	143	144	1	1
2428	143	144	1	1
2429	143	143	1	1
2430	142	143	1	1
2431	142	143	1	1
2432	142	143	1	1
2433	141	142	1	1
2434	142	142	1	1
2435	141	142	1	1
2436	141	142	1	1
2437	141	141	1	1
2438	140	141	1	1
2439	140	141	1	1
2440	140	141	1	1
2441	140	141	1	1
2442	140	141	1	1
2443	139	140	1	1
2444	139	140	1	1
2445	139	139	1	1
2446	139	139	1	1
2447	139	139	1	1
2448	138	139	1	1
2449	138	139	1	1
2450	137	138	1	1
2451	137	138	1	1
2452	137	138	1	1
2453	137	137	1	1
2454	136	137	1	1
2455	136	137	1	1
2456	136	137	1	1
2457	136	136	1	1
2458	135	136	1	1
2459	135	136	1	1
2460	135	136	1	1
2461	135	135	1	1
2462	134	135	1	1
2463	134	135	1	1
2464	134	135	1	1
2465	134	135	1	1
2466	134	134	1	1
2467	133	134	1	1
2468	133	134	1	1
2469	133	134	1	1
2470	132	133	1	1
2471	132	133	1	1
2472	132	133	1	1
2473	132	132	1	1
2474	132	133	1	1
2475	132	132	1	1
2476	131	132	1	1
2477	131	132	1	1
2478	131	132	1	1
2479	131	131	1	1
2480	130	131	1	1
2481	130	131	1	1
2482	129	131	1	1
2483	130	130	1	1
2484	129	130	1	1
2485	129	129	1	1
2486	129	129	1	1
2487	129	129	1	1
2488	128	129	1	1
2489	128	129	1	1
2490	128	129	1	1
2491	128	128	1	1
2492	128	128	1	1
2493	127	129	1	1
2494	127	128	1	1
2495	127	128	1	1
2496	127	128	1	1
2497	126	128	1	1
2498	126	128	1	1
2499	126	127	1	1
2500	126	127	1	1
2501	126	126	1	1
2502	125	126	1	1
2503	125	126	1	1
2504	125	125	0	1
2505	124	125	0	0
2506	124	125	0	0
2507	124	124	0	0
2508	123	124	0	0
2509	123	124	0	0
2510	124	124	0	0
2511	123	124	0	0
2512	123	124	0	0
2513	123	123	0	0
2514	122	123	0	0
2515	122	123	0	0
2516	122	122	0	0
2517	121	122	0	0
2518	121	122	0	0
2519	121	122	0	0
2520	121	121	0	0
2521	120	121	0	0
2522	120	121	0	0
2523	120	121	0	0
2524	120	120	0	0
2525	119	120	0	0
2526	119	120	0	0
2527	119	120	0	0
2528	119	120	0	0
2529	118	120	0	0
2530	119	119	0	0
2531	118	119	0	0
2532	118	119	0	0
2533	118	119	0	0
2534	118	118	0	0
2535	117	118	0	0
2536	117	118	0	0
2537	117	118	0	0
2538	117	117	0	0
2539	116	117	0	0
2540	116	117	0	0
2541	116	117	0	0
2542	116	116	0	0
2543	115	116	0	0
2544	115	116	0	0
2545	115	116	0	0
2546	115	115	0	0
2547	115	115	0	0
2548	114	115	0	0
2549	114	115	0	0
2550	114	115	0	0
2551	113	115	0	0
2552	113	114	0	0
2553	113	114	0	0
2554	113	114	0	0
2555	113	113	0	0
2556	112	113	0	0
2557	112	113	0	0
2558	112	113	0	0
2559	112	112	0	0
2560	112	112	0	0
2561	111	112	0	0
2562	111	112	0	0
2563	111	112	0	0
2564	111	112	0	0
2565	111	111	0	0
2566	111	111	0	0
2567	110	111	0	0
2568	110	111	0	0
2569	110	111	0	0
2570	110	110	0	0
2571	110	110	0	0
2572	109	110	0	0
2573	109	110	0	0
2574	109	109	0	0
2575	109	109	0	0
2576	109	109	0	0
2577	108	109	0	0
2578	108	109	0	0
2579	108	109	0	0
2580	108	108	0	0
2581	107	109	0	0
2582	107	108	0	0
2583	107	108	0	0
2584	107	108	0	0
2585	107	108	0	0
2586	107	107	0	0
2587	106	107	0	0
2588	106	107	0	0
2589	106	107	0	0
2590	106	106	0	0
2591	106	106	0	0
2592	106	106	0	0
2593	105	106	0	0
2594	105	106	0	0
2595	105	106	0	0
2596	105	105	0	0
2597	104	105	0	0
2598	104	105	0	0
2599	104	105	0	0
2600	104	105	0	0
2601	104	105	0	0
2602	104	105	0	0
2603	104	104	0	0
2604	103	104	0	0
2605	103	104	0	0
2606	103	104	0	0
2607	103	104	0	0
2608	103	104	0	0
2609	103	103	0	0
2610	103	103	0	0
2611	103	103	0	0
2612	102	103	0	0
2613	102	103	0	0
2614	102	103	0	0
2615	102	102	0	0
2616	101	102	0	0
2617	102	102	0	0
2618	101	102	0	0
2619	102	102	0	0
2620	101	102	0	0
2621	101	102	0	0
2622	101	101	0	0
2623	101	101	0	0
2624	101	101	0	0
2625	100	101	0	0
2626	100	101	0	0
2627	100	101	0	0
2628	100	101	0	0
2629	100	101	0	0
2630	100	100	0	0
2631	100	100	0	0
2632	99	100	0	0
2633	100	100	0	0
2634	99	100	0	0
2635	99	100	0	0
2636	99	100	0	0
2637	99	99	0	0
2638	99	99	0	0
2639	99	99	0	0
2640	99	99	0	0
2641	99	99	0	0
2642	99	99	0	0
2643	98	99	0	0
2644	98	99	0	0
2645	98	99	0	0
2646	98	99	0	0
2647	98	99	0	0
2648	97	99	0	0
2649	98	98	0	0
2650	97	98	0	0
2651	97	98	0	0
2652	97	98	0	0
2653	97	98	0	0
2654	97	98	0	0
2655	97	97	0	0
2656	97	97	0	0
2657	97	97	0	0
2658	97	97	0	0
2659	97	97	0	0
2660	97	97	0	0
2661	97	97	0	0
2662	97	97	0	0
2663	97	97	0	0
2664	97	97	0	0
2665	97	97	0	0
2666	96	97	0	0
2667	96	97	0	0
2668	96	97	0	0
2669	96	97	0	0
2670	96	97	0	0
2671	96	97	0	0
2672	96	97	0	0
2673	96	97	0	0
2674	96	96	0	0
2675	96	96	0	0
2676	96	96	0	0
2677	96	96	0	0
2678	95	96	0	0
2679	95	96	0	0
2680	95	97	0	0
2681	95	96	0	0
2682	95	97	0	0
2683	95	96	0	0
2684	95	97	0	0
2685	95	96	0	0
2686	95	96	0	0
2687	95	96	0	0
2688	95	96	0	0
2689	95	97	0	0
2690	95	97	0	0
2691	95	96	0	0
2692	95	96	0	0
2693	95	96	0	0
2694	95	96	0	0
2695	95	96	0	0
2696	95	96	0	0
2697	95	96	0	0
2698	95	96	0	0
2699	95	96	0	0
2700	95	96	0	0
2701	95	96	0	0
2702	95	97	0	0
2703	95	96	0	0
2704	95	96	0	0
2705	95	96	0	0
2706	95	96	0	0
2707	95	96	0	0
2708	95	97	0	0
2709	95	96	0	0
2710	95	96	0	0
2711	95	97	0	0
2712	95	96	0	0
2713	95	96	0	0
2714	95	96	0	0
2715	95	96	0	0
2716	95	96	0	0
2717	95	96	0	0
2718	95	96	0	0
2719	95	96	0	0
2720	95	96	0	0
2721	95	96	0	0
2722	95	96	0	0
2723	95	97	0	0
2724	95	96	0	0
2725	95	96	0	0
2726	95	97	0	0
2727	95	96	0	0
2728	95	96	0	0
2729	95	96	0	0
2730	95	96	0	0
2731	95	96	0	0
2732	95	96	0	0
2733	96	96	0	0
2734	96	96	0	0
2735	95	96	0	0
2736	95	96	0	0
2737	95	96	0	0
2738	95	97	0	0
2739	96	97	0	0
2740	95	96	0	0
2741	96	96	0	0
2742	96	96	0	0
2743	96	96	0	0
2744	96	97	0	0
2745	96	97	0	0
2746	96	97	0	0
2747	96	97	0	0
2748	96	97	0	0
2749	96	97	0	0
2750	96	97	0	0
2751	97	97	0	0
2752	97	97	0	0
2753	96	97	0	0
2754	97	97	0	0
2755	97	97	0	0
2756	97	97	0	0
2757	97	97	0	0
2758	97	97	0	0
2759	97	97	0	0
2760	97	97	0	0
2761	97	97	0	0
2762	97	98	0	0
2763	97	98	0	0
2764	97	98	0	0
2765	97	98	0	0
2766	97	98	0	0
2767	98	98	0	0
2768	98	99	0	0
2769	98	99	0	0
2770	98	99	0	0
2771	98	99	0	0
2772	98	99	0	0
2773	98	99	0	0
2774	98	99	0	0
2775	99	99	0	0
2776	99	99	0	0
2777	99	99	0	0
2778	99	99	0	0
2779	99	100	0	0
2780	99	100	0	0
2781	99	100	0	0
2782	99	100	0	0
2783	99	100	0	0
2784	100	100	0	0
2785	99	100	0	0
2786	100	100	0	0
2787	99	101	0	0
2788	100	101	0	0
2789	100	101	0	0
2790	100	101	0	0
2791	100	101	0	0
2792	100	101	0	0
2793	101	101	0	0
2794	101	101	0	0
2795	101	102	0	0
2796	101	102	0	0
2797	101	102	0	0
2798	101	102	0	0
2799	101	102	0	0
2800	102	102	0	0
2801	102	102	0	0
2802	102	102	0	0
2803	102	103	0	0
2804	102	103	0	0
2805	102	103	0	0
2806	102	103	0	0
2807	103	103	0	0
2808	103	103	0	0
2809	103	103	0	0
2810	103	103	0	0
2811	103	104	0	0
2812	103	105	0	0
2813	104	105	0	0
2814	104	104	0	0
2815	104	105	0	0
2816	104	105	0	0
2817	104	105	0	0
2818	104	105	0	0
2819	105	105	0	0
2820	105	105	0	0
2821	105	106	0	0
2822	105	106	0	0
2823	105	106	0	0
2824	105	106	0	0
2825	106	106	0	0
2826	106	106	0	0
2827	106	107	0	0
2828	106	107	0	0
2829	107	107	0	0
2830	107	107	0	0
2831	107	107	0	0
2832	107	107	0	0
2833	107	108	0	0
2834	107	108	0	0
2835	108	108	0	0
2836	108	108	0	0
2837	108	109	0	0
2838	108	109	0	0
2839	108	109	0	0
2840	108	109	0	0
2841	109	109	0	0
2842	109	109	0	0
2843	109	110	0	0
2844	109	110	0	0
2845	109	110	0	0
2846	110	110	0	0
2847	110	111	0	0
2848	110	111	0	0
2849	110	111	0	0
2850	111	111	0	0
2851	111	111	0	0
2852	111	112	0	0
2853	111	112	0	0
2854	111	112	0	0
2855	112	112	0	0
2856	111	113	0	0
2857	112	112	0	0
2858	112	113	0	0
2859	112	113	0	0
2860	113	113	0	0
2861	113	113	0	0
2862	113	113	0	0
2863	113	114	0	0
2864	113	114	0	0
2865	113	114	0	0
2866	114	115	0	0
2867	114	115	0	0
2868	114	115	0	0
2869	115	115	0	0
2870	115	115	0	0
2871	115	116	0	0
2872	115	116	0	0
2873	115	116	0	0
2874	115	116	0	0
2875	116	117	0	0
2876	116	117	0	0
2877	116	117	0	0
2878	117	117	0	0
2879	117	118	0	0
2880	117	118	0	0
2881	117	118	0	0
2882	118	118	0	0
2883	118	118	0	0
2884	118	118	0	0
2885	118	119	0	0
2886	118	119	0	0
2887	119	119	0	0
2888	119	119	0	0
2889	119	120	0	0
2890	119	120	0	0
2891	120	120	0	0
2892	120	120	0	0
2893	120	121	0	0
2894	120	121	0	0
2895	120	121	0	0
2896	121	121	0	0
2897	121	122	0	0
2898	121	122	0	0
2899	121	122	0	0
2900	122	122	0	0
2901	122	123	0	0
2902	122	123	0	0
2903	123	123	0	0
2904	123	124	0	0
2905	123	123	0	0
2906	123	124	0	0
2907	123	124	0	0
2908	124	124	0	0
2909	124	125	0	0
2910	124	125	0	0
2911	124	125	0	0
2912	125	125	0	0
2913	125	125	0	0
2914	125	126	0	0
2915	125	126	0	0
2916	126	126	0	0
2917	126	127	0	0
2918	126	127	0	0
2919	126	127	0	0
2920	127	127	0	0
2921	127	127	0	0
2922	127	128	0	0
2923	127	129	0	0
2924	128	128	0	0
2925	128	128	0	0
2926	128	128	0	0
2927	128	129	0	0
2928	128	129	0	0
2929	129	129	0	0
2930	129	129	0	0
2931	129	129	0	0
2932	129	130	0	0
2933	129	130	0	0
2934	129	130	0	0
2935	130	131	0	0
2936	130	131	0	0
2937	130	131	0	0
2938	131	131	0	0
2939	131	131	0	0
2940	131	132	0	0
2941	131	132	0	0
2942	131	133	0	0
2943	132	132	0	0
2944	132	133	0	0
2945	132	133	0	0
2946	132	133	0	0
2947	133	133	0	0
2948	133	134	0	0
2949	133	134	0	0
2950	133	134	0	0
2951	134	134	0	0
2952	134	135	0	0
2953	134	135	0	0
2954	134	135	0	0
2955	135	135	0	0
2956	135	136	0	0
2957	135	136	0	0
2958	135	136	0	0
2959	135	136	0	0
2960	136	137	0	0
2961	136	137	0	0
2962	136	137	0	0
2963	137	137	0	0
2964	137	137	0	0
2965	137	138	0	0
2966	137	138	0	0
2967	137	138	0	0
2968	138	139	0	0
2969	138	139	0	0
2970	139	139	0	0
2971	139	139	0	0
2972	139	139	0	0
2973	139	140	0	0
2974	139	140	0	0
2975	140	141	0	0
2976	140	141	0	0
2977	140	141	0	0
2978	141	141	0	0
2979	140	141	0	0
2980	141	142	0	0
2981	141	142	0	0
2982	142	142	0	0
2983	142	142	0	0
2984	142	142	0	0
2985	142	143	0	0
2986	142	143	0	0
2987	142	143	0	0
2988	143	143	0	0
2989	143	144	0	0
2990	143	144	0	0
2991	143	145	0	0
2992	143	144	0	0
2993	144	145	0	0
2994	144	145	0	0
2995	144	145	0	0
2996	145	145	0	0
2997	145	145	0	0
2998	145	146	0	0
2999	145	146	0	0
3000	145	146	0	0
3001	146	147	0	0
3002	146	147	0	0
3003	146	147	0	0
3004	147	147	0	0
3005	147	147	0	0
3006	147	148	0	1
3007	147	148	1	1
3008	147	148	1	1
3009	148	149	1	1
3010	148	148	1	1
3011	148	149	1	1
3012	148	149	1	1
3013	149	149	1	1
3014	149	149	1	1
3015	149	149	1	1
3016	149	150	1	1
3017	149	150	1	1
3018	150	150	1	1
3019	150	150	1	1
3020	150	151	1	1
3021	150	151	1	1
3022	150	151	1	1
3023	151	151	1	1
3024	151	151	1	1
3025	151	151	1	1
3026	151	152	1	1
3027	151	153	1	1
3028	152	153	1	1
3029	152	152	1	1
3030	152	153	1	1
3031	152	153	1	1
3032	152	153	1	1
3033	153	153	1	1
3034	153	153	1	1
3035	153	154	1	1
3036	153	154	1	1
3037	153	154	1	1
3038	153	154	1	1
3039	154	155	1	1
3040	154	154	1	1
3041	154	155	1	1
3042	154	155	1	1
3043	155	155	1	1
3044	155	155	1	1
3045	155	155	1	1
3046	155	156	1	1
3047	155	156	1	1
3048	156	156	1	1
3049	155	156	1	1
3050	156	157	1	1
3051	156	157	1	1
3052	156	157	1	1
3053	157	157	1	1
3054	156	157	1	1
3055	156	157	1	1
3056	157	157	1	1
3057	157	158	1	1
3058	157	158	1	1
3059	157	158	1	1
3060	157	158	1	1
3061	158	158	1	1
3062	158	158	1	1
3063	158	159	1	1
3064	158	159	1	1
3065	158	159	1	1
3066	158	159	1	1
3067	158	159	1	1
3068	159	159	1	1
3069	159	159	1	1
3070	159	160	1	1
3071	159	161	1	1
3072	159	161	1	1
3073	160	161	1	1
3074	160	160	1	1
3075	160	160	1	1
3076	160	161	1	1
3077	160	161	1	1
3078	160	161	1	1
3079	160	161	1	1
3080	160	161	1	1
3081	160	161	1	1
3082	161	161	1	1
3083	160	161	1	1
3084	161	161	1	1
3085	161	161	1	1
3086	161	161	1	1
3087	161	161	1	1
3088	161	162	1	1
3089	161	162	1	1
3090	161	162	1	1
3091	161	162	1	1
3092	161	163	1	1
3093	162	163	1	1
3094	162	162	1	1
3095	162	163	1	1
3096	162	163	1	1
3097	162	163	1	1
3098	163	163	1	1
3099	163	163	1	1
3100	163	163	1	1
3101	163	163	1	1
3102	163	163	1	1
3103	163	163	1	1
3104	163	163	1	1
3105	163	164	1	1
3106	163	164	1	1
3107	163	164	1	1
3108	163	164	1	1
3109	164	164	1	1
3110	164	164	1	1
3111	164	164	1	1
3112	164	164	1	1
3113	163	164	1	1
3114	164	165	1	1
3115	164	165	1	1
3116	164	165	1	1
3117	164	165	1	1
3118	164	165	1	1
3119	164	165	1	1
3120	165	165	1	1
3121	164	165	1	1
3122	164	165	1	1
3123	165	165	1	1
3124	165	165	1	1
3125	165	165	1	1
3126	165	165	1	1
3127	165	165	1	1
3128	165	166	1	1
3129	165	166	1	1
3130	165	166	1	1
3131	165	166	1	1
3132	165	166	1	1
3133	165	166	1	1
3134	165	166	1	1
3135	165	166	1	1
3136	166	166	1	1
3137	166	166	1	1
3138	166	166	1	1
3139	165	166	1	1
3140	166	166	1	1
3141	166	167	1	1
3142	166	166	1	1
3143	166	166	1	1
3144	166	166	1	1
3145	166	166	1	1
3146	166	166	1	1
3147	166	166	1	1
3148	166	167	1	1
3149	166	167	1	1
3150	166	167	1	1
3151	166	167	1	1
3152	166	167	1	1
3153	166	167	1	1
3154	166	167	1	1
3155	166	167	1	1
3156	166	167	1	1
3157	166	167	1	1
3158	166	167	1	1
3159	166	167	1	1
3160	166	167	1	1
3161	166	167	1	1
3162	166	167	1	1
3163	166	167	1	1
3164	166	167	1	1
3165	166	167	1	1
3166	166	167	1	1
3167	166	167	1	1
3168	166	167	1	1
3169	166	167	1	1
3170	166	167	1	1
3171	166	167	1	1
3172	166	167	1	1
3173	166	167	1	1
3174	166	167	1	1
3175	166	167	1	1
3176	166	167	1	1
3177	166	167	1	1
3178	166	167	1	1
3179	166	167	1	1
3180	166	167	1	1
3181	166	167	1	1
3182	166	167	1	1
3183	166	167	1	1
3184	166	167	1	1
3185	166	167	1	1
3186	166	167	1	1
3187	166	167	1	1
3188	166	166	1	1
3189	166	166	1	1
3190	166	167	1	1
3191	166	166	1	1
3192	166	166	1	1
3193	166	166	1	1
3194	166	166	1	1
3195	166	166	1	1
3196	166	166	1	1
3197	166	166	1	1
3198	165	166	1	1
3199	166	166	1	1
3200	165	166	1	1
3201	165	166	1	1
3202	165	166	1	1
3203	165	166	1	1
3204	165	166	1	1
3205	165	166	1	1
3206	165	166	1	1
3207	165	165	1	1
3208	165	165	1	1
3209	165	165	1	1
3210	165	165	1	1
3211	165	165	1	1
3212	165	165	1	1
3213	164	165	1	1
3214	164	165	1	1
3215	164	165	1	1
3216	164	165	1	1
3217	164	165	1	1
3218	164	165	1	1
3219	164	165	1	1
3220	164	165	1	1
3221	164	165	1	1
3222	163	165	1	1
3223	164	165	1	1
3224	164	164	1	1
3225	164	164	1	1
3226	163	164	1	1
3227	163	164	1	1
3228	163	164	1	1
3229	163	164	1	1
3230	163	164	1	1
3231	163	164	1	1
3232	163	164	1	1
3233	163	163	1	1
3234	163	163	1	1
3235	163	163	1	1
3236	163	163	1	1
3237	162	163	1	1
3238	162	163	1	1
3239	162	163	1	1
3240	162	163	1	1
3241	162	163	1	1
3242	162	163	1	1
3243	161	163	1	1
3244	162	162	1	1
3245	162	162	1	1
3246	161	162	1	1
3247	161	162	1	1
3248	161	162	1	1
3249	161	161	1	1
3250	161	161	1	1
3251	161	161	1	1
3252	161	161	1	1
3253	160	161	1	1
3254	160	161	1	1
3255	160	161	1	1
3256	160	161	1	1
3257	160	161	1	1
3258	160	161	1	1
3259	160	161	1	1
3260	160	160	1	1
3261	160	160	1	1
3262	159	160	1	1
3263	159	161	1	1
3264	159	160	1	1
3265	159	160	1	1
3266	159	160	1	1
3267	159	160	1	1
3268	159	160	1	1
3269	159	159	1	1
3270	158	159	1	1
3271	158	159	1	1
3272	158	159	1	1
3273	158	159	1	1
3274	157	158	1	1
3275	157	158	1	1
3276	157	158	1	1
3277	157	158	1	1
3278	157	158	1	1
3279	157	157	1	1
3280	157	157	1	1
3281	157	157	1	1
3282	156	157	1	1
3283	156	157	1	1
3284	156	157	1	1
3285	156	156	1	1
3286	155	156	1	1
3287	155	156	1	1
3288	155	156	1	1
3289	155	156	1	1
3290	155	155	1	1
3291	155	155	1	1
3292	155	155	1	1
3293	154	155	1	1
3294	154	155	1	1
3295	154	155	1	1
3296	154	154	1	1
3297	153	154	1	1
3298	153	154	1	1
3299	153	154	1	1
3300	153	154	1	1
3301	153	154	1	1
3302	152	153	1	1
3303	152	153	1	1
3304	152	153	1	1
3305	152	152	1	1
3306	152	152	1	1
3307	151	152	1	1
3308	151	152	1	1
3309	151	152	1	1
3310	151	151	1	1
3311	151	151	1	1
3312	150	151	1	1
3313	150	151	1	1
3314	150	151	1	1
3315	150	151	1	1
3316	150	150	1	1
3317	149	150	1	1
3318	149	150	1	1
3319	149	150	1	1
3320	149	150	1	1
3321	149	149	1	1
3322	149	149	1	1
3323	148	149	1	1
3324	148	149	1	1
3325	148	148	1	1
3326	148	148	1	1
3327	148	148	1	1
3328	147	148	1	1
3329	147	148	1	1
3330	147	148	1	1
3331	147	147	1	1
3332	146	147	1	1
3333	146	147	1	1
3334	146	147	1	1
3335	145	147	1	1
3336	145	146	1	1
3337	145	146	1	1
3338	145	146	1	1
3339	144	145	1	1
3340	144	145	1	1
3341	144	145	1	1
3342	144	144	1	1
3343	144	144	1	1
3344	143	144	1	1
3345	143	144	1	1
3346	143	144	1	1
3347	143	144	1	1
3348	143	143	1	1
3349	142	143	1	1
3350	142	143	1	1
3351	142	143	1	1
3352	142	142	1	1
3353	141	142	1	1
3354	141	142	1	1
3355	141	142	1	1
3356	140	141	1	1
3357	140	141	1	1
3358	140	141	1	1
3359	140	141	1	1
3360	140	140	1	1
3361	139	140	1	1
3362	139	140	1	1
3363	139	140	1	1
3364	139	139	1	1
3365	138	139	1	1
3366	138	139	1	1
3367	138	139	1	1
3368	138	138	1	1
3369	137	138	1	1
3370	137	138	1	1
3371	137	138	1	1
3372	136	137	1	1
3373	136	137	1	1
3374	136	137	1	1
3375	136	137	1	1
3376	136	136	1	1
3377	135	136	1	1
3378	135	136	1	1
3379	135	136	1	1
3380	134	135	1	1
3381	134	135	1	1
3382	134	135	1	1
3383	134	135	1	1
3384	134	135	1	1
3385	134	134	1	1
3386	133	134	1	1
3387	133	134	1	1
3388	133	133	1	1
3389	133	133	1	1
3390	132	133	1	1
3391	132	133	1	1
3392	132	133	1	1
3393	132	132	1	1
3394	131	132	1	1
3395	131	132	1	1
3396	131	131	1	1
3397	130	131	1	1
3398	130	131	1	1
3399	130	131	1	1
3400	130	130	1	1
3401	129	130	1	1
3402	129	130	1	1
3403	129	130	1	1
3404	129	129	1	1
3405	129	129	1	1
3406	129	129	1	1
3407	128	129	1	1
3408	128	129	1	1
3409	127	129	1	1
3410	128	128	1	1
3411	127	128	1	1
3412	127	129	1	1
3413	127	129	1	1
3414	126	128	1	1
3415	126	128	1	1
3416	126	128	1	1
3417	126	127	1	1
3418	126	126	1	1
3419	126	126	1	1
3420	125	126	1	1
3421	125	126	1	1
3422	125	126	1	1
3423	125	125	0	1
3424	124	125	0	0
3425	124	125	0	0
3426	124	125	0	0
3427	124	124	0	0
3428	123	124	0	0
3429	123	124	0	0
3430	123	124	0	0
3431	123	124	0	0
3432	123	123	0	0
3433	122	123	0	0
3434	122	123	0	0
3435	122	123	0	0
3436	121	122	0	0
3437	121	122	0	0
3438	121	122	0	0
3439	121	121	0	0
3440	121	121	0	0
3441	120	121	0	0
3442	120	121	0	0
3443	120	121	0	0
3444	120	120	0	0
3445	119	120	0	0
3446	119	119	0	0
3447	119	119	0	0
3448	118	119	0	0
3449	118	119	0	0
3450	118	119	0	0
3451	118	119	0	0
3452	117	118	0	0
3453	117	118	0	0
3454	117	118	0	0
3455	117	118	0	0
3456	117	117	0	0
3457	117	117	0	0
3458	116	117	0	0
3459	116	117	0	0
3460	116	116	0	0
3461	116	116	0	0
3462	116	116	0	0
3463	115	116	0	0
3464	115	115	0	0
3465	115	115	0	0
3466	115	115	0	0
3467	114	115	0	0
3468	114	115	0	0
3469	113	115	0	0
3470	113	114	0	0
3471	113	114	0	0
3472	113	113	0	0
3473	113	113	0	0
3474	113	113	0	0
3475	112	113	0	0
3476	112	113	0	0
3477	112	113	0	0
3478	112	113	0	0
3479	111	112	0	0
3480	112	112	0	0
3481	111	112	0	0
3482	111	112	0	0
3483	111	112	0	0
3484	111	112	0	0
3485	110	111	0	0
3486	110	111	0	0
3487	110	111	0	0
3488	110	110	0	0
3489	110	110	0	0
3490	110	110	0	0
3491	109	110	0	0
3492	109	110	0	0
3493	109	110	0	0
3494	109	109	0	0
3495	109	109	0	0
3496	108	109	0	0
3497	108	109	0	0
3498	108	109	0	0
3499	107	108	0	0
3500	107	108	0	0
3501	107	108	0	0
3502	107	108	0	0
3503	107	107	0	0
3504	107	107	0	0
3505	106	107	0	0
3506	107	107	0	0
3507	106	107	0	0
3508	106	107	0	0
3509	106	106	0	0
3510	105	106	0	0
3511	105	106	0	0
3512	105	106	0	0
3513	105	106	0	0
3514	105	106	0	0
3515	105	106	0	0
3516	104	105	0	0
3517	104	105	0	0
3518	104	105	0	0
3519	104	105	0	0
3520	104	105	0	0
3521	104	104	0	0
3522	104	104	0	0
3523	103	104	0	0
3524	103	104	0	0
3525	103	104	0	0
3526	103	104	0	0
3527	103	103	0	0
3528	102	103	0	0
3529	103	103	0	0
3530	102	103	0	0
3531	103	103	0	0
3532	102	103	0	0
3533	102	103	0	0
3534	102	102	0	0
3535	101	102	0	0
3536	102	102	0	0
3537	101	102	0	0
3538	101	102	0	0
3539	101	102	0	0
3540	101	102	0	0
3541	101	101	0	0
3542	101	101	0	0
3543	100	101	0	0
3544	101	101	0	0
3545	100	101	0	0
3546	100	101	0	0
3547	100	101	0	0
3548	100	101	0	0
3549	100	101	0	0
3550	99	101	0	0
3551	100	100	0	0
3552	99	100	0	0
3553	99	100	0	0
3554	99	100	0	0
3555	99	100	0	0
3556	99	99	0	0
3557	99	99	0	0
3558	99	99	0	0
3559	98	99	0	0
3560	99	99	0	0
3561	98	99	0	0
3562	98	99	0	0
3563	98	99	0	0
3564	98	99	0	0
3565	98	99	0	0
3566	98	99	0	0
3567	98	99	0	0
3568	97	98	0	0
3569	97	98	0	0
3570	97	99	0	0
3571	97	98	0	0
3572	97	98	0	0
3573	97	97	0	0
3574	97	97	0	0
3575	97	97	0	0
3576	97	98	0	0
3577	97	97	0	0
3578	97	97	0	0
3579	97	97	0	0
3580	97	97	0	0
3581	96	97	0	0
3582	97	97	0	0
3583	96	97	0	0
3584	97	97	0	0
3585	96	97	0	0
3586	96	97	0	0
3587	96	97	0	0
3588	96	96	0	0
3589	96	97	0	0
3590	96	97	0	0
3591	96	97	0	0
3592	96	96	0	0
3593	96	96	0	0
3594	96	96	0	0
3595	96	96	0	0
3596	96	96	0	0
3597	95	96	0	0
3598	95	96	0	0
3599	95	97	0	0
3600	95	97	0	0
3601	95	96	0	0
3602	95	96	0	0
3603	95	96	0	0
3604	95	97	0	0
3605	95	96	0	0
3606	95	96	0	0
3607	95	96	0	0
3608	95	96	0	0
3609	95	96	0	0
3610	95	96	0	0
3611	95	96	0	0
3612	95	96	0	0
3613	95	96	0	0
3614	95	96	0	0
3615	95	96	0	0
3616	95	96	0	0
3617	95	96	0	0
3618	95	96	0	0
3619	95	96	0	0
3620	95	97	0	0
3621	95	96	0	0
3622	95	96	0	0
3623	95	96	0	0
3624	95	96	0	0
3625	95	96	0	0
3626	95	96	0	0
3627	95	96	0	0
3628	95	96	0	0
3629	95	97	0	0
3630	95	96	0	0
3631	95	97	0	0
3632	95	96	0	0
3633	95	96	0	0
3634	95	96	0	0
3635	95	96	0	0
3636	95	96	0	0
3637	95	97	0	0
3638	95	97	0	0
3639	95	96	0	0
3640	95	96	0	0
3641	95	96	0	0
3642	95	97	0	0
3643	95	96	0	0
3644	95	96	0	0
3645	95	96	0	0
3646	95	96	0	0
3647	95	96	0	0
3648	95	96	0	0
3649	95	97	0	0
3650	96	96	0	0
3651	96	96	0	0
3652	96	96	0	0
3653	95	96	0	0
3654	95	96	0	0
3655	96	97	0	0
3656	95	96	0	0
3657	96	96	0	0
3658	96	96	0	0
3659	96	96	0	0
3660	96	96	0	0
3661	96	96	0	0
3662	96	97	0	0
3663	96	97	0	0
3664	96	97	0	0
3665	96	97	0	0
3666	96	96	0	0
3667	96	97	0	0
3668	96	97	0	0
3669	96	97	0	0
3670	97	97	0	0
3671	97	97	0	0
3672	97	97	0	0
3673	97	97	0	0
3674	97	97	0	0
3675	97	97	0	0
3676	97	97	0	0
3677	97	97	0	0
3678	97	97	0	0
3679	97	97	0	0
3680	97	98	0	0
3681	97	98	0	0
3682	97	98	0	0
3683	97	98	0	0
3684	97	99	0	0
3685	97	98	0	0
3686	98	98	0	0
3687	97	99	0	0
3688	98	99	0	0
3689	98	99	0	0
3690	98	99	0	0
3691	98	99	0	0
3692	98	99	0	0
3693	99	99	0	0
3694	98	99	0	0
3695	99	99	0	0
3696	99	100	0	0
3697	99	99	0	0
3698	99	100	0	0
3699	99	100	0	0
3700	99	100	0	0
3701	99	100	0	0
3702	100	100	0	0
3703	99	100	0	0
3704	100	101	0	0
3705	100	100	0	0
3706	100	101	0	0
3707	100	101	0	0
3708	100	101	0	0
3709	101	101	0	0
3710	100	101	0	0
3711	101	101	0	0
3712	101	101	0	0
3713	101	101	0	0
3714	101	102	0	0
3715	101	102	0	0
3716	101	102	0	0
3717	101	102	0	0
3718	102	102	0	0
3719	102	102	0	0
3720	102	102	0	0
3721	102	102	0	0
3722	102	103	0	0
3723	102	103	0	0
3724	103	103	0	0
3725	102	103	0	0
3726	103	103	0	0
3727	103	103	0	0
3728	103	103	0	0
3729	103	104	0	0
3730	103	104	0	0
3731	104	105	0	0
3732	103	104	0	0
3733	104	105	0	0
3734	104	105	0	0
3735	104	105	0	0
3736	104	105	0	0
3737	104	105	0	0
3738	105	105	0	0
3739	105	106	0	0
3740	105	106	0	0
3741	105	106	0	0
3742	105	106	0	0
3743	106	106	0	0
3744	106	106	0	0
3745	106	107	0	0
3746	106	107	0	0
3747	107	107	0	0
3748	107	107	0	0
3749	107	107	0	0
3750	107	107	0	0
3751	107	108	0	0
3752	107	108	0	0
3753	108	108	0	0
3754	108	108	0	0
3755	108	108	0	0
3756	108	109	0	0
3757	109	109	0	0
3758	108	109	0	0
3759	109	109	0	0
3760	109	109	0	0
3761	109	110	0	0
3762	109	110	0	0
3763	110	110	0	0
3764	109	110	0	0
3765	110	111	0	0
3766	110	110	0	0
3767	110	111	0	0
3768	110	111	0	0
3769	110	111	0	0
3770	111	111	0	0
3771	111	112	0	0
3772	111	112	0	0
3773	111	112	0	0
3774	112	112	0	0
3775	111	113	0	0
3776	112	112	0	0
3777	112	113	0	0
3778	112	113	0	0
3779	113	113	0	0
3780	113	113	0	0
3781	113	114	0	0
3782	113	114	0	0
3783	113	114	0	0
3784	113	115	0	0
3785	114	115	0	0
3786	114	115	0	0
3787	114	115	0	0
3788	115	115	0	0
3789	115	115	0	0
3790	115	116	0	0
3791	115	116	0	0
3792	115	116	0	0
3793	116	117	0	0
3794	116	117	0	0
3795	116	117	0	0
3796	117	117	0	0
3797	117	117	0	0
3798	117	117	0	0
3799	117	118	0	0
3800	117	118	0	0
3801	118	118	0	0
3802	118	119	0	0
3803	118	119	0	0
3804	118	119	0	0
3805	119	119	0	0
3806	119	119	0	0
3807	119	119	0	0
3808	119	120	0	0
3809	119	120	0	0
3810	120	120	0	0
3811	120	120	0	0
3812	120	121	0	0
3813	120	121	0	0
3814	120	121	0	0
3815	120	121	0	0
3816	121	122	0	0
3817	121	122	0	0
3818	122	122	0	0
3819	122	122	0	0
3820	122	123	0	0
3821	122	123	0	0
3822	123	123	0	0
3823	123	123	0	0
3824	123	123	0	0
3825	123	124	0	0
3826	123	124	0	0
3827	124	125	0	0
3828	124	125	0	0
3829	124	125	0	0
3830	125	125	0	0
3831	125	126	0	0
3832	125	126	0	0
3833	125	126	0	0
3834	125	126	0	0
3835	126	126	0	0
3836	126	127	0	0
3837	126	127	0	0
3838	127	127	0	0
3839	127	127	0	0
3840	127	127	0	0
3841	127	128	0	0
3842	127	129	0	0
3843	128	128	0	0
3844	128	128	0	0
3845	128	129	0	0
3846	128	129	0	0
3847	128	129	0	0
3848	129	129	0	0
3849	129	129	0	0
3850	129	130	0	0
3851	129	130	0	0
3852	130	130	0	0
3853	129	131	0	0
3854	130	131	0	0
3855	130	131	0	0
3856	131	131	0	0
3857	131	131	0	0
3858	131	132	0	0
3859	131	132	0	0
3860	131	133	0	0
3861	132	132	0	0
3862	132	133	0	0
3863	132	133	0	0
3864	133	133	0	0
3865	133	133	0	0
3866	133	134	0	0
3867	133	134	0	0
3868	133	134	0	0
3869	134	134	0	0
3870	134	135	0	0
3871	134	135	0	0
3872	134	135	0	0
3873	135	135	0	0
3874	135	136	0	0
3875	135	136	0	0
3876	135	136	0	0
3877	135	136	0	0
3878	136	136	0	0
3879	136	137	0	0
3880	136	137	0	0
3881	136	137	0	0
3882	137	138	0	0
3883	137	138	0	0
3884	138	138	0	0
3885	137	138	0	0
3886	138	138	0	0
3887	138	139	0	0
3888	138	139	0	0
3889	139	139	0	0
3890	139	139	0	0
3891	139	140	0	0
3892	139	140	0	0
3893	140	140	0	0
3894	140	141	0	0
3895	140	141	0	0
3896	140	141	0	0
3897	140	141	0	0
3898	141	142	0	0
3899	141	141	0	0
3900	141	142	0	0
3901	142	142	0	0
3902	142	142	0	0
3903	142	143	0	0
3904	142	143	0	0
3905	143	143	0	0
3906	143	143	0	0
3907	143	143	0	0
3908	143	144	0	0
3909	143	144	0	0
3910	144	145	0	0
3911	143	144	0	0
3912	144	145	0	0
3913	144	145	0	0
3914	145	145	0	0
3915	145	145	0	0
3916	145	145	0	0
3917	145	146	0	0
3918	145	147	0	0
3919	146	147	0	0
3920	146	147	0	0
3921	146	147	0	0
3922	146	147	0	0
3923	147	147	0	0
3924	147	148	0	1
3925	147	148	1	1
3926	147	148	1	1
3927	148	148	1	1
3928	148	148	1	1
3929	147	149	1	1
3930	148	149	1	1
3931	148	149	1	1
3932	149	149	1	1
3933	149	149	1	1
3934	149	150	1	1
3935	149	150	1	1
3936	150	150	1	1
3937	150	150	1	1
3938	150	150	1	1
3939	150	151	1	1
3940	150	151	1	1
3941	150	151	1	1
3942	151	151	1	1
3943	151	151	1	1
3944	151	152	1	1
3945	151	152	1	1
3946	151	152	1	1
3947	152	152	1	1
3948	152	153	1	1
3949	152	153	1	1
3950	152	153	1	1
3951	153	153	1	1
3952	153	153	1	1
3953	153	154	1	1
3954	153	154	1	1
3955	153	154	1	1
3956	153	154	1	1
3957	154	154	1	1
3958	154	154	1	1
3959	154	155	1	1
3960	154	155	1	1
3961	155	155	1	1
3962	155	155	1	1
3963	155	155	1	1
3964	155	155	1	1
3965	155	156	1	1
3966	155	156	1	1
3967	156	156	1	1
3968	156	156	1	1
3969	156	156	1	1
3970	156	157	1	1
3971	156	157	1	1
3972	157	157	1	1
3973	156	157	1	1
3974	157	157	1	1
3975	157	158	1	1
3976	157	158	1	1
3977	157	158	1	1
3978	157	158	1	1
3979	158	158	1	1
3980	158	158	1	1
3981	158	159	1	1
3982	158	159	1	1
3983	158	159	1	1
3984	158	159	1	1
3985	159	159	1	1
3986	159	159	1	1
3987	159	159	1	1
3988	159	160	1	1
3989	159	161	1	1
3990	159	161	1	1
3991	159	161	1	1
3992	160	160	1	1
3993	160	160	1	1
3994	160	161	1	1
3995	160	161	1	1
3996	160	161	1	1
3997	161	161	1	1
3998	161	161	1	1
3999	160	161	1	1
